-0.000114625	0.000137637	0	
-0.000550231	0.0014658	0	
-0.00125463	0.00370187	0	
-0.00222787	0.00684582	0	
-0.00346998	0.0108976	0	
-0.00498102	0.0158572	0	
-0.00676107	0.0217246	0	
-0.0088102	0.0284997	0	
-0.0111285	0.0361825	0	
-0.0137161	0.0447728	0	
-0.0165731	0.0542707	0	
-0.0196997	0.0646759	0	
-0.023096	0.0759885	0	
-0.0267621	0.0882084	0	
-0.0306983	0.101335	0	
-0.0349046	0.115369	0	
-0.0393814	0.13031	0	
-0.0441288	0.146158	0	
-0.0491471	0.162912	0	
-0.0544364	0.180572	0	
-0.0599971	0.199139	0	
-0.0658294	0.218612	0	
-0.0719335	0.238991	0	
-0.0783098	0.260276	0	
-0.0849586	0.282466	0	
-0.0918801	0.305561	0	
-0.0990748	0.329562	0	
-0.106543	0.354468	0	
-0.114285	0.380278	0	
-0.122301	0.406993	0	
-0.130591	0.434612	0	
-0.139157	0.463134	0	
-0.147997	0.492561	0	
-0.157114	0.522891	0	
-0.166507	0.554124	0	
-0.176176	0.58626	0	
-0.186122	0.619298	0	
-0.196346	0.653238	0	
-0.206848	0.688081	0	
-0.217628	0.723825	0	
-0.228687	0.76047	0	
-0.240026	0.798016	0	
-0.251644	0.836462	0	
-0.263543	0.875809	0	
-0.275724	0.916055	0	
-0.288185	0.9572	0	
-0.30093	0.999245	0	
-0.313956	1.04219	0	
-0.327267	1.08603	0	
-0.340861	1.13077	0	
-0.35474	1.1764	0	
-0.368904	1.22294	0	
-0.383354	1.27037	0	
-0.39809	1.31869	0	
-0.413114	1.36791	0	
-0.428426	1.41803	0	
-0.444026	1.46904	0	
-0.459915	1.52094	0	
-0.476094	1.57373	0	
-0.492564	1.62742	0	
-0.509326	1.68201	0	
-0.52638	1.73748	0	
-0.543726	1.79384	0	
-0.561367	1.8511	0	
-0.579301	1.90924	0	
-0.597531	1.96827	0	
-0.616057	2.0282	0	
-0.63488	2.08901	0	
-0.654001	2.1507	0	
-0.67342	2.21329	0	
-0.693139	2.27676	0	
-0.713157	2.34111	0	
-0.733477	2.40635	0	
-0.754099	2.47247	0	
-0.775024	2.53948	0	
-0.796252	2.60737	0	
-0.817785	2.67614	0	
-0.839624	2.74579	0	
-0.861769	2.81632	0	
-0.884221	2.88773	0	
-0.906982	2.96002	0	
-0.930053	3.03319	0	
-0.953433	3.10723	0	
-0.977125	3.18215	0	
-1.00113	3.25794	0	
-1.02545	3.33461	0	
-1.05008	3.41215	0	
-1.07502	3.49056	0	
-1.10029	3.56984	0	
-1.12587	3.65	0	
-1.15177	3.73102	0	
-1.17798	3.81291	0	
-1.20452	3.89567	0	
-1.23138	3.9793	0	
-1.25856	4.06379	0	
-1.28607	4.14914	0	
-1.3139	4.23536	0	
-1.34206	4.32244	0	
-1.37054	4.41038	0	
-1.39935	4.49918	0	
-1.4285	4.58884	0	
-1.45797	4.67936	0	
-1.48777	4.77073	0	
-1.5179	4.86296	0	
-1.54837	4.95604	0	
-1.57918	5.04997	0	
-1.61032	5.14476	0	
-1.6418	5.24039	0	
-1.67361	5.33688	0	
-1.70577	5.43421	0	
-1.73826	5.53239	0	
-1.7711	5.63141	0	
-1.80428	5.73128	0	
-1.83781	5.83198	0	
-1.87168	5.93353	0	
-1.9059	6.03592	0	
-1.94047	6.13914	0	
-1.97539	6.2432	0	
-2.01065	6.3481	0	
-2.04627	6.45383	0	
-2.08224	6.56039	0	
-2.11857	6.66778	0	
-2.15525	6.77599	0	
-2.19229	6.88504	0	
-2.22969	6.99491	0	
-2.26745	7.1056	0	
-2.30556	7.21711	0	
-2.34404	7.32945	0	
-2.38289	7.4426	0	
-2.4221	7.55657	0	
-2.46167	7.67135	0	
-2.50161	7.78695	0	
-2.54192	7.90335	0	
-2.5826	8.02057	0	
-2.62365	8.13859	0	
-2.66508	8.25742	0	
-2.70687	8.37705	0	
-2.74905	8.49748	0	
-2.79159	8.61871	0	
-2.83452	8.74074	0	
-2.87783	8.86356	0	
-2.92151	8.98718	0	
-2.96558	9.11159	0	
-3.01004	9.23678	0	
-3.05487	9.36277	0	
-3.10009	9.48953	0	
-3.1457	9.61708	0	
-3.1917	9.74541	0	
-3.23809	9.87452	0	
-3.28487	10.0044	0	
-3.33204	10.1351	0	
-3.37961	10.2665	0	
-3.42757	10.3987	0	
-3.47592	10.5316	0	
-3.52468	10.6654	0	
-3.57383	10.7998	0	
-3.62339	10.9351	0	
-3.67335	11.0711	0	
-3.72371	11.2078	0	
-3.77447	11.3453	0	
-3.82564	11.4836	0	
-3.87722	11.6226	0	
-3.92921	11.7623	0	
-3.9816	11.9028	0	
-4.03441	12.044	0	
-4.08763	12.1859	0	
-4.14127	12.3286	0	
-4.19532	12.472	0	
-4.24978	12.6161	0	
-4.30467	12.761	0	
-4.35997	12.9065	0	
-4.41569	13.0528	0	
-4.47184	13.1998	0	
-4.5284	13.3475	0	
-4.5854	13.4959	0	
-4.64281	13.645	0	
-4.70066	13.7949	0	
-4.75893	13.9454	0	
-4.81763	14.0966	0	
-4.87676	14.2485	0	
-4.93633	14.401	0	
-4.99632	14.5543	0	
-5.05676	14.7083	0	
-5.11762	14.8629	0	
-5.17892	15.0182	0	
-5.24067	15.1741	0	
-5.30284	15.3308	0	
-5.36546	15.488	0	
-5.42853	15.646	0	
-5.49203	15.8046	0	
-5.55598	15.9638	0	
-5.62037	16.1237	0	
-5.68521	16.2843	0	
-5.75049	16.4455	0	
-5.81622	16.6073	0	
-5.88241	16.7697	0	
-5.94904	16.9328	0	
-6.01612	17.0965	0	
-6.08366	17.2608	0	
-6.15165	17.4257	0	
-6.22009	17.5912	0	
-6.28899	17.7574	0	
-6.35835	17.9241	0	
-6.42816	18.0915	0	
-6.49843	18.2594	0	
-6.56916	18.4279	0	
-6.64036	18.597	0	
-6.71201	18.7667	0	
-6.78412	18.9369	0	
-6.8567	19.1078	0	
-6.92975	19.2791	0	
-7.00325	19.4511	0	
-7.07723	19.6236	0	
-7.15166	19.7966	0	
-7.22657	19.9702	0	
-7.30195	20.1444	0	
-7.37779	20.3191	0	
-7.4541	20.4943	0	
-7.53088	20.67	0	
-7.60814	20.8462	0	
-7.68587	21.023	0	
-7.76406	21.2003	0	
-7.84273	21.378	0	
-7.92188	21.5563	0	
-8.0015	21.7351	0	
-8.08159	21.9143	0	
-8.16216	22.0941	0	
-8.24321	22.2743	0	
-8.32473	22.455	0	
-8.40673	22.6361	0	
-8.4892	22.8177	0	
-8.57216	22.9998	0	
-8.65559	23.1823	0	
-8.7395	23.3652	0	
-8.82389	23.5486	0	
-8.90876	23.7324	0	
-8.99411	23.9167	0	
-9.07994	24.1013	0	
-9.16625	24.2864	0	
-9.25304	24.4719	0	
-9.34031	24.6577	0	
-9.42806	24.844	0	
-9.51629	25.0307	0	
-9.605	25.2177	0	
-9.69419	25.4051	0	
-9.78387	25.5929	0	
-9.87402	25.781	0	
-9.96466	25.9695	0	
-10.0558	26.1583	0	
-10.1474	26.3475	0	
-10.2395	26.5369	0	
-10.332	26.7268	0	
-10.4251	26.9169	0	
-10.5186	27.1074	0	
-10.6126	27.2981	0	
-10.7071	27.4892	0	
-10.802	27.6805	0	
-10.8975	27.8721	0	
-10.9934	28.064	0	
-11.0898	28.2562	0	
-11.1866	28.4486	0	
-11.284	28.6413	0	
-11.3818	28.8342	0	
-11.4801	29.0274	0	
-11.5789	29.2208	0	
-11.6782	29.4144	0	
-11.7779	29.6082	0	
-11.8781	29.8022	0	
-11.9788	29.9964	0	
-12.0799	30.1909	0	
-12.1815	30.3855	0	
-12.2836	30.5802	0	
-12.3862	30.7752	0	
-12.4892	30.9702	0	
-12.5927	31.1655	0	
-12.6967	31.3609	0	
-12.8011	31.5564	0	
-12.906	31.752	0	
-13.0113	31.9477	0	
-13.1172	32.1436	0	
-13.2234	32.3395	0	
-13.3302	32.5355	0	
-13.4373	32.7316	0	
-13.545	32.9278	0	
-13.6531	33.1241	0	
-13.7616	33.3203	0	
-13.8706	33.5167	0	
-13.9801	33.713	0	
-14.09	33.9094	0	
-14.2003	34.1058	0	
-14.3111	34.3022	0	
-14.4224	34.4986	0	
-14.534	34.695	0	
-14.6462	34.8913	0	
-14.7587	35.0877	0	
-14.8717	35.2839	0	
-14.9851	35.4802	0	
-15.099	35.6763	0	
-15.2132	35.8724	0	
-15.3279	36.0684	0	
-15.4431	36.2643	0	
-15.5586	36.4601	0	
-15.6746	36.6558	0	
-15.791	36.8513	0	
-15.9078	37.0468	0	
-16.025	37.2421	0	
-16.1426	37.4372	0	
-16.2606	37.6321	0	
-16.3791	37.8269	0	
-16.4979	38.0215	0	
-16.6171	38.2159	0	
-16.7367	38.4101	0	
-16.8567	38.604	0	
-16.9772	38.7977	0	
-17.0979	38.9912	0	
-17.2191	39.1845	0	
-17.3407	39.3774	0	
-17.4626	39.5701	0	
-17.5849	39.7625	0	
-17.7075	39.9546	0	
-17.8306	40.1464	0	
-17.954	40.3378	0	
-18.0777	40.529	0	
-18.2018	40.7197	0	
-18.3263	40.9102	0	
-18.4511	41.1002	0	
-18.5762	41.2899	0	
-18.7017	41.4791	0	
-18.8276	41.668	0	
-18.9537	41.8565	0	
-19.0802	42.0445	0	
-19.207	42.2321	0	
-19.3341	42.4192	0	
-19.4616	42.6058	0	
-19.5893	42.792	0	
-19.7174	42.9777	0	
-19.8457	43.1629	0	
-19.9744	43.3476	0	
-20.1033	43.5317	0	
-20.2326	43.7153	0	
-20.3621	43.8983	0	
-20.4919	44.0808	0	
-20.622	44.2627	0	
-20.7523	44.444	0	
-20.8829	44.6247	0	
-21.0138	44.8047	0	
-21.1449	44.9841	0	
-21.2762	45.1629	0	
-21.4078	45.3411	0	
-21.5397	45.5185	0	
-21.6717	45.6953	0	
-21.804	45.8713	0	
-21.9365	46.0467	0	
-22.0693	46.2213	0	
-22.2022	46.3952	0	
-22.3354	46.5683	0	
-22.4687	46.7407	0	
-22.6022	46.9122	0	
-22.7359	47.083	0	
-22.8698	47.253	0	
-23.0039	47.4221	0	
-23.1381	47.5904	0	
-23.2725	47.7579	0	
-23.4071	47.9245	0	
-23.5418	48.0902	0	
-23.6766	48.255	0	
-23.8116	48.4189	0	
-23.9467	48.5819	0	
-24.0819	48.7439	0	
-24.2173	48.905	0	
-24.3527	49.0651	0	
-24.4883	49.2242	0	
-24.6239	49.3824	0	
-24.7597	49.5395	0	
-24.8955	49.6956	0	
-25.0314	49.8507	0	
-25.1673	50.0047	0	
-25.3033	50.1576	0	
-25.4394	50.3094	0	
-25.5755	50.4602	0	
-25.7117	50.6098	0	
-25.8478	50.7583	0	
-25.984	50.9056	0	
-26.1203	51.0518	0	
-26.2565	51.1968	0	
-26.3927	51.3407	0	
-26.5289	51.4833	0	
-26.6651	51.6247	0	
-26.8012	51.7648	0	
-26.9374	51.9037	0	
-27.0735	52.0413	0	
-27.2095	52.1777	0	
-27.3455	52.3127	0	
-27.4814	52.4464	0	
-27.6172	52.5788	0	
-27.753	52.7099	0	
-27.8887	52.8396	0	
-28.0242	52.9679	0	
-28.1597	53.0948	0	
-28.295	53.2203	0	
-28.4302	53.3444	0	
-28.5653	53.467	0	
-28.7002	53.5882	0	
-28.835	53.7079	0	
-28.9697	53.8261	0	
-29.1041	53.9428	0	
-29.2384	54.058	0	
-29.3725	54.1717	0	
-29.5064	54.2838	0	
-29.64	54.3943	0	
-29.7735	54.5032	0	
-29.9067	54.6106	0	
-30.0397	54.7163	0	
-30.1725	54.8204	0	
-30.305	54.9228	0	
-30.4373	55.0236	0	
-30.5692	55.1227	0	
-30.7009	55.2201	0	
-30.8323	55.3157	0	
-30.9634	55.4097	0	
-31.0942	55.5019	0	
-31.2247	55.5923	0	
-31.3548	55.681	0	
-31.4846	55.7678	0	
-31.6141	55.8528	0	
-31.7431	55.9361	0	
-31.8719	56.0174	0	
-32.0002	56.0969	0	
-32.1281	56.1746	0	
-32.2557	56.2503	0	
-32.3828	56.3241	0	
-32.5095	56.396	0	
-32.6358	56.4659	0	
-32.7617	56.5339	0	
-32.8871	56.5999	0	
-33.012	56.664	0	
-33.1365	56.726	0	
-33.2605	56.786	0	
-33.3839	56.8439	0	
-33.5069	56.8998	0	
-33.6294	56.9536	0	
-33.7514	57.0053	0	
-33.8728	57.0549	0	
-33.9936	57.1024	0	
-34.114	57.1478	0	
-34.2337	57.191	0	
-34.3529	57.232	0	
-34.4715	57.2709	0	
-34.5895	57.3075	0	
-34.7069	57.3419	0	
-34.8237	57.3741	0	
-34.9398	57.404	0	
-35.0553	57.4317	0	
-35.1702	57.4571	0	
-35.2844	57.4802	0	
-35.3979	57.5009	0	
-35.5108	57.5194	0	
-35.6229	57.5355	0	
-35.7344	57.5492	0	
-35.8451	57.5605	0	
-35.9551	57.5695	0	
-36.0644	57.576	0	
-36.173	57.5801	0	
-36.2808	57.5818	0	
-36.3878	57.581	0	
-36.494	57.5778	0	
-36.5995	57.5721	0	
-36.7042	57.5638	0	
-36.808	57.5531	0	
-36.9111	57.5398	0	
-37.0133	57.5239	0	
-37.1147	57.5055	0	
-37.2152	57.4845	0	
-37.3149	57.461	0	
-37.4137	57.4348	0	
-37.5116	57.406	0	
-37.6086	57.3745	0	
-37.7047	57.3404	0	
-37.7999	57.3037	0	
-37.8942	57.2642	0	
-37.9876	57.2221	0	
-38.08	57.1772	0	
-38.1715	57.1296	0	
-38.262	57.0793	0	
-38.3515	57.0262	0	
-38.4401	56.9704	0	
-38.5277	56.9118	0	
-38.6142	56.8504	0	
-38.6998	56.7861	0	
-38.7843	56.7191	0	
-38.8678	56.6492	0	
-38.9503	56.5765	0	
-39.0317	56.5009	0	
-39.112	56.4224	0	
-39.1913	56.3411	0	
-39.2695	56.2568	0	
-39.3466	56.1697	0	
-39.4226	56.0796	0	
-39.4975	55.9865	0	
-39.5713	55.8905	0	
-39.6437	55.7918	0	
-39.7147	55.6906	0	
-39.7843	55.587	0	
-39.8524	55.4809	0	
-39.919	55.3724	0	
-39.9842	55.2614	0	
-40.048	55.1482	0	
-40.1103	55.0325	0	
-40.1712	54.9146	0	
-40.2307	54.7943	0	
-40.2888	54.6717	0	
-40.3455	54.5469	0	
-40.4007	54.4198	0	
-40.4546	54.2905	0	
-40.5071	54.159	0	
-40.5583	54.0253	0	
-40.608	53.8894	0	
-40.6564	53.7514	0	
-40.7035	53.6113	0	
-40.7492	53.4691	0	
-40.7935	53.3248	0	
-40.8366	53.1784	0	
-40.8783	53.03	0	
-40.9187	52.8796	0	
-40.9578	52.7273	0	
-40.9955	52.5729	0	
-41.032	52.4166	0	
-41.0672	52.2583	0	
-41.1012	52.0982	0	
-41.1338	51.9361	0	
-41.1652	51.7722	0	
-41.1954	51.6065	0	
-41.2243	51.4389	0	
-41.2519	51.2695	0	
-41.2784	51.0983	0	
-41.3036	50.9254	0	
-41.3276	50.7507	0	
-41.3504	50.5743	0	
-41.372	50.3963	0	
-41.3924	50.2165	0	
-41.4116	50.0351	0	
-41.4297	49.852	0	
-41.4466	49.6673	0	
-41.4623	49.481	0	
-41.4769	49.2932	0	
-41.4904	49.1038	0	
-41.5027	48.9128	0	
-41.5139	48.7203	0	
-41.524	48.5264	0	
-41.533	48.331	0	
-41.5409	48.1341	0	
-41.5477	47.9357	0	
-41.5534	47.736	0	
-41.5581	47.5349	0	
-41.5617	47.3324	0	
-41.5642	47.1285	0	
-41.5657	46.9233	0	
-41.5661	46.7168	0	
-41.5655	46.509	0	
-41.5639	46.2999	0	
-41.5613	46.0896	0	
-41.5577	45.878	0	
-41.5531	45.6652	0	
-41.5475	45.4512	0	
-41.5409	45.236	0	
-41.5333	45.0197	0	
-41.5248	44.8022	0	
-41.5153	44.5837	0	
-41.5049	44.364	0	
-41.4935	44.1432	0	
-41.4812	43.9214	0	
-41.468	43.6985	0	
-41.4539	43.4746	0	
-41.4389	43.2496	0	
-41.423	43.0237	0	
-41.4061	42.7969	0	
-41.3884	42.569	0	
-41.3699	42.3403	0	
-41.3504	42.1106	0	
-41.3302	41.88	0	
-41.309	41.6485	0	
-41.287	41.4162	0	
-41.2642	41.183	0	
-41.2406	40.9491	0	
-41.2162	40.7143	0	
-41.1909	40.4787	0	
-41.1648	40.2423	0	
-41.138	40.0052	0	
-41.1104	39.7673	0	
-41.0819	39.5288	0	
-41.0528	39.2895	0	
-41.0228	39.0495	0	
-40.9921	38.8089	0	
-40.9607	38.5676	0	
-40.9285	38.3257	0	
-40.8956	38.0831	0	
-40.862	37.84	0	
-40.8277	37.5963	0	
-40.7926	37.352	0	
-40.7569	37.1071	0	
-40.7204	36.8618	0	
-40.6833	36.6159	0	
-40.6455	36.3695	0	
-40.607	36.1226	0	
-40.5679	35.8752	0	
-40.5281	35.6274	0	
-40.4877	35.3791	0	
-40.4466	35.1305	0	
-40.4049	34.8814	0	
-40.3626	34.6319	0	
-40.3196	34.3821	0	
-40.276	34.1318	0	
-40.2319	33.8813	0	
-40.1871	33.6304	0	
-40.1418	33.3792	0	
-40.0958	33.1277	0	
-40.0493	32.8759	0	
-40.0022	32.6238	0	
-39.9546	32.3715	0	
-39.9064	32.1189	0	
-39.8576	31.8661	0	
-39.8083	31.6131	0	
-39.7585	31.3599	0	
-39.7081	31.1065	0	
-39.6573	30.8529	0	
-39.6059	30.5992	0	
-39.554	30.3453	0	
-39.5015	30.0913	0	
-39.4486	29.8372	0	
-39.3952	29.583	0	
-39.3414	29.3287	0	
-39.287	29.0743	0	
-39.2322	28.8199	0	
-39.1769	28.5654	0	
-39.1212	28.3108	0	
-39.065	28.0563	0	
-39.0083	27.8017	0	
-38.9512	27.5472	0	
-38.8937	27.2926	0	
-38.8358	27.0381	0	
-38.7774	26.7836	0	
-38.7187	26.5292	0	
-38.6595	26.2749	0	
-38.5999	26.0206	0	
-38.5399	25.7664	0	
-38.4795	25.5123	0	
-38.4187	25.2583	0	
-38.3576	25.0045	0	
-38.2961	24.7507	0	
-38.2342	24.4972	0	
-38.1719	24.2438	0	
-38.1093	23.9905	0	
-38.0464	23.7375	0	
-37.9831	23.4846	0	
-37.9194	23.2319	0	
-37.8554	22.9795	0	
-37.7911	22.7273	0	
-37.7265	22.4753	0	
-37.6615	22.2235	0	
-37.5963	21.9721	0	
-37.5307	21.7209	0	
-37.4648	21.4699	0	
-37.3986	21.2193	0	
-37.3321	20.969	0	
-37.2654	20.7189	0	
-37.1983	20.4692	0	
-37.131	20.2198	0	
-37.0634	19.9708	0	
-36.9955	19.7221	0	
-36.9274	19.4738	0	
-36.859	19.2258	0	
-36.7903	18.9782	0	
-36.7214	18.731	0	
-36.6523	18.4842	0	
-36.5829	18.2378	0	
-36.5133	17.9919	0	
-36.4434	17.7463	0	
-36.3733	17.5012	0	
-36.303	17.2565	0	
-36.2325	17.0123	0	
-36.1618	16.7685	0	
-36.0909	16.5252	0	
-36.0197	16.2823	0	
-35.9484	16.04	0	
-35.8769	15.7981	0	
-35.8051	15.5568	0	
-35.7332	15.3159	0	
-35.6611	15.0756	0	
-35.5889	14.8358	0	
-35.5164	14.5965	0	
-35.4438	14.3578	0	
-35.371	14.1196	0	
-35.2981	13.882	0	
-35.225	13.6449	0	
-35.1517	13.4084	0	
-35.0783	13.1725	0	
-35.0048	12.9372	0	
-34.9311	12.7024	0	
-34.8572	12.4683	0	
-34.7833	12.2347	0	
-34.7092	12.0018	0	
-34.635	11.7695	0	
-34.5606	11.5378	0	
-34.4862	11.3068	0	
-34.4116	11.0764	0	
-34.3369	10.8466	0	
-34.2621	10.6175	0	
-34.1872	10.389	0	
-34.1122	10.1613	0	
-34.0371	9.93413	0	
-33.9619	9.70769	0	
-33.8866	9.48193	0	
-33.8112	9.25686	0	
-33.7358	9.03248	0	
-33.6602	8.8088	0	
-33.5846	8.58583	0	
-33.5089	8.36357	0	
-33.4331	8.14203	0	
-33.3573	7.92121	0	
-33.2814	7.70111	0	
-33.2055	7.48175	0	
-33.1294	7.26313	0	
-33.0534	7.04525	0	
-32.9773	6.82811	0	
-32.9011	6.61173	0	
-32.8249	6.39611	0	
-32.7486	6.18126	0	
-32.6723	5.96717	0	
-32.596	5.75385	0	
-32.5196	5.54131	0	
-32.4432	5.32955	0	
-32.3668	5.11857	0	
-32.2903	4.90839	0	
-32.2139	4.699	0	
-32.1374	4.49042	0	
-32.0609	4.28263	0	
-31.9843	4.07565	0	
-31.9078	3.86949	0	
-31.8313	3.66414	0	
-31.7547	3.45961	0	
-31.6781	3.2559	0	
-31.6016	3.05302	0	
-31.525	2.85098	0	
-31.4485	2.64976	0	
-31.372	2.44939	0	
-31.2954	2.24985	0	
-31.2189	2.05117	0	
-31.1424	1.85333	0	
-31.0659	1.65634	0	
-30.9894	1.46021	0	
-30.913	1.26494	0	
-30.8366	1.07054	0	
-30.7602	0.876992	0	
-30.6838	0.684318	0	
-30.6075	0.492515	0	
-30.5312	0.301586	0	
-30.4549	0.111536	0	
-30.3787	-0.0776349	0	
-30.3025	-0.265922	0	
-30.2263	-0.453324	0	
-30.1502	-0.639836	0	
-30.0742	-0.825458	0	
-29.9982	-1.01019	0	
-29.9222	-1.19402	0	
-29.8463	-1.37695	0	
-29.7705	-1.55898	0	
-29.6947	-1.74011	0	
-29.619	-1.92033	0	
-29.5433	-2.09964	0	
-29.4677	-2.27804	0	
-29.3922	-2.45553	0	
-29.3167	-2.6321	0	
-29.2413	-2.80776	0	
-29.166	-2.9825	0	
-29.0907	-3.15631	0	
-29.0155	-3.32921	0	
-28.9404	-3.50117	0	
-28.8654	-3.67222	0	
-28.7905	-3.84233	0	
-28.7156	-4.01151	0	
-28.6408	-4.17976	0	
-28.5661	-4.34708	0	
-28.4915	-4.51346	0	
-28.417	-4.6789	0	
-28.3426	-4.84341	0	
-28.2683	-5.00697	0	
-28.1941	-5.16959	0	
-28.1199	-5.33127	0	
-28.0459	-5.49201	0	
-27.972	-5.6518	0	
-27.8981	-5.81064	0	
-27.8244	-5.96854	0	
-27.7508	-6.12548	0	
-27.6772	-6.28147	0	
-27.6038	-6.43652	0	
-27.5305	-6.5906	0	
-27.4573	-6.74374	0	
-27.3843	-6.89592	0	
-27.3113	-7.04714	0	
-27.2384	-7.19741	0	
-27.1657	-7.34671	0	
-27.0931	-7.49506	0	
-27.0206	-7.64245	0	
-26.9482	-7.78888	0	
-26.876	-7.93435	0	
-26.8039	-8.07885	0	
-26.7319	-8.22239	0	
-26.66	-8.36497	0	
-26.5882	-8.50658	0	
-26.5166	-8.64723	0	
-26.4452	-8.78691	0	
-26.3738	-8.92563	0	
-26.3026	-9.06338	0	
-26.2315	-9.20016	0	
-26.1606	-9.33598	0	
-26.0898	-9.47082	0	
-26.0191	-9.6047	0	
-25.9486	-9.73761	0	
-25.8782	-9.86954	0	
-25.8079	-10.0005	0	
-25.7378	-10.1305	0	
-25.6679	-10.2595	0	
-25.5981	-10.3876	0	
-25.5284	-10.5147	0	
-25.4589	-10.6408	0	
-25.3895	-10.7659	0	
-25.3203	-10.8901	0	
-25.2513	-11.0133	0	
-25.1824	-11.1355	0	
-25.1136	-11.2568	0	
-25.045	-11.3771	0	
-24.9766	-11.4964	0	
-24.9083	-11.6147	0	
-24.8402	-11.7321	0	
-24.7722	-11.8485	0	
-24.7044	-11.9639	0	
-24.6368	-12.0784	0	
-24.5693	-12.1918	0	
-24.502	-12.3043	0	
-24.4349	-12.4159	0	
-24.3679	-12.5264	0	
-24.3011	-12.636	0	
-24.2344	-12.7446	0	
-24.1679	-12.8523	0	
-24.1016	-12.959	0	
-24.0355	-13.0647	0	
-23.9695	-13.1694	0	
-23.9037	-13.2731	0	
-23.8381	-13.3759	0	
-23.7727	-13.4778	0	
-23.7074	-13.5786	0	
-23.6423	-13.6785	0	
-23.5774	-13.7774	0	
-23.5127	-13.8753	0	
-23.4481	-13.9723	0	
-23.3837	-14.0683	0	
-23.3195	-14.1634	0	
-23.2555	-14.2574	0	
-23.1917	-14.3505	0	
-23.128	-14.4427	0	
-23.0645	-14.5338	0	
-23.0013	-14.624	0	
-22.9382	-14.7133	0	
-22.8752	-14.8015	0	
-22.8125	-14.8888	0	
-22.75	-14.9752	0	
-22.6876	-15.0606	0	
-22.6255	-15.145	0	
-22.5635	-15.2284	0	
-22.5017	-15.3109	0	
-22.4401	-15.3925	0	
-22.3787	-15.473	0	
-22.3175	-15.5526	0	
-22.2565	-15.6313	0	
-22.1957	-15.709	0	
-22.1351	-15.7857	0	
-22.0747	-15.8615	0	
-22.0144	-15.9363	0	
-21.9544	-16.0101	0	
-21.8946	-16.083	0	
-21.835	-16.155	0	
-21.7755	-16.2259	0	
-21.7163	-16.296	0	
-21.6573	-16.365	0	
-21.5984	-16.4332	0	
-21.5398	-16.5003	0	
-21.4814	-16.5665	0	
-21.4231	-16.6318	0	
-21.3651	-16.6961	0	
-21.3073	-16.7595	0	
-21.2497	-16.8219	0	
-21.1923	-16.8833	0	
-21.1351	-16.9438	0	
-21.0781	-17.0034	0	
-21.0213	-17.062	0	
-20.9647	-17.1197	0	
-20.9083	-17.1764	0	
-20.8522	-17.2321	0	
-20.7962	-17.287	0	
-20.7405	-17.3409	0	
-20.6849	-17.3938	0	
-20.6296	-17.4458	0	
-20.5745	-17.4968	0	
-20.5196	-17.5469	0	
-20.4649	-17.5961	0	
-20.4105	-17.6443	0	
-20.3562	-17.6916	0	
-20.3021	-17.738	0	
-20.2483	-17.7834	0	
-20.1947	-17.8278	0	
-20.1413	-17.8714	0	
-20.0881	-17.914	0	
-20.0351	-17.9556	0	
-19.9824	-17.9963	0	
-19.9299	-18.0361	0	
-19.8775	-18.075	0	
-19.8254	-18.1129	0	
-19.7736	-18.1499	0	
-19.7219	-18.1859	0	
-19.6705	-18.221	0	
-19.6193	-18.2552	0	
-19.5683	-18.2885	0	
-19.5175	-18.3208	0	
-19.4669	-18.3522	0	
-19.4166	-18.3827	0	
-19.3665	-18.4122	0	
-19.3166	-18.4408	0	
-19.2669	-18.4685	0	
-19.2175	-18.4952	0	
-19.1682	-18.5211	0	
-19.1193	-18.546	0	
-19.0705	-18.5699	0	
-19.0219	-18.593	0	
-18.9736	-18.6151	0	
-18.9255	-18.6363	0	
-18.8777	-18.6566	0	
-18.83	-18.676	0	
-18.7826	-18.6944	0	
-18.7354	-18.7119	0	
-18.6884	-18.7285	0	
-18.6417	-18.7442	0	
-18.5952	-18.759	0	
-18.5489	-18.7728	0	
-18.5029	-18.7857	0	
-18.4571	-18.7977	0	
-18.4115	-18.8088	0	
-18.3661	-18.819	0	
-18.321	-18.8282	0	
-18.2761	-18.8365	0	
-18.2314	-18.844	0	
-18.187	-18.8505	0	
-18.1428	-18.856	0	
-18.0988	-18.8607	0	
-18.0551	-18.8645	0	
-18.0116	-18.8673	0	
-17.9683	-18.8692	0	
-17.9253	-18.8703	0	
-17.8825	-18.8704	0	
-17.8399	-18.8696	0	
-17.7975	-18.8679	0	
-17.7554	-18.8652	0	
-17.7136	-18.8617	0	
-17.6719	-18.8572	0	
-17.6305	-18.8519	0	
-17.5894	-18.8456	0	
-17.5484	-18.8384	0	
-17.5077	-18.8303	0	
-17.4673	-18.8213	0	
-17.4271	-18.8114	0	
-17.3871	-18.8006	0	
-17.3473	-18.7889	0	
-17.3078	-18.7763	0	
-17.2685	-18.7627	0	
-17.2295	-18.7483	0	
-17.1907	-18.7329	0	
-17.1521	-18.7167	0	
-17.1138	-18.6995	0	
-17.0757	-18.6815	0	
-17.0379	-18.6625	0	
-17.0003	-18.6426	0	
-16.9629	-18.6218	0	
-16.9258	-18.6001	0	
-16.8889	-18.5775	0	
-16.8522	-18.554	0	
-16.8158	-18.5296	0	
-16.7797	-18.5043	0	
-16.7437	-18.4781	0	
-16.708	-18.451	0	
-16.6726	-18.423	0	
-16.6374	-18.3941	0	
-16.6024	-18.3642	0	
-16.5677	-18.3335	0	
-16.5332	-18.3019	0	
-16.499	-18.2693	0	
-16.465	-18.2359	0	
-16.4312	-18.2015	0	
-16.3977	-18.1663	0	
-16.3644	-18.1302	0	
-16.3314	-18.0931	0	
-16.2986	-18.0551	0	
-16.2659	-18.0167	0	
-16.2332	-17.9783	0	
-16.2005	-17.9399	0	
-16.1678	-17.9015	0	
-16.1351	-17.8631	0	
-16.1024	-17.8247	0	
-16.0697	-17.7863	0	
-16.037	-17.7479	0	
-16.0043	-17.7096	0	
-15.9717	-17.6712	0	
-15.939	-17.6329	0	
-15.9063	-17.5945	0	
-15.8736	-17.5562	0	
-15.8409	-17.5179	0	
-15.8082	-17.4796	0	
-15.7755	-17.4413	0	
-15.7428	-17.403	0	
-15.7102	-17.3648	0	
-15.6775	-17.3265	0	
-15.6448	-17.2882	0	
-15.6121	-17.25	0	
-15.5794	-17.2118	0	
-15.5468	-17.1735	0	
-15.5141	-17.1353	0	
-15.4814	-17.0971	0	
-15.4487	-17.0589	0	
-15.416	-17.0208	0	
-15.3834	-16.9826	0	
-15.3507	-16.9444	0	
-15.318	-16.9063	0	
-15.2854	-16.8681	0	
-15.2527	-16.83	0	
-15.22	-16.7919	0	
-15.1873	-16.7538	0	
-15.1547	-16.7157	0	
-15.122	-16.6776	0	
-15.0893	-16.6395	0	
-15.0567	-16.6014	0	
-15.024	-16.5633	0	
-14.9914	-16.5253	0	
-14.9587	-16.4872	0	
-14.926	-16.4492	0	
-14.8934	-16.4112	0	
-14.8607	-16.3732	0	
-14.8281	-16.3352	0	
-14.7954	-16.2972	0	
-14.7627	-16.2592	0	
-14.7301	-16.2212	0	
-14.6974	-16.1832	0	
-14.6648	-16.1453	0	
-14.6321	-16.1073	0	
-14.5995	-16.0694	0	
-14.5668	-16.0315	0	
-14.5342	-15.9935	0	
-14.5015	-15.9556	0	
-14.4689	-15.9177	0	
-14.4362	-15.8799	0	
-14.4036	-15.842	0	
-14.3709	-15.8041	0	
-14.3383	-15.7662	0	
-14.3056	-15.7284	0	
-14.273	-15.6906	0	
-14.2403	-15.6527	0	
-14.2077	-15.6149	0	
-14.1751	-15.5771	0	
-14.1424	-15.5393	0	
-14.1098	-15.5015	0	
-14.0771	-15.4637	0	
-14.0445	-15.426	0	
-14.0119	-15.3882	0	
-13.9792	-15.3505	0	
-13.9466	-15.3127	0	
-13.914	-15.275	0	
-13.8813	-15.2373	0	
-13.8487	-15.1995	0	
-13.8161	-15.1618	0	
-13.7834	-15.1242	0	
-13.7508	-15.0865	0	
-13.7182	-15.0488	0	
-13.6855	-15.0111	0	
-13.6529	-14.9735	0	
-13.6203	-14.9358	0	
-13.5877	-14.8982	0	
-13.555	-14.8606	0	
-13.5224	-14.823	0	
-13.4898	-14.7854	0	
-13.4572	-14.7478	0	
-13.4245	-14.7102	0	
-13.3919	-14.6726	0	
-13.3593	-14.635	0	
-13.3267	-14.5975	0	
-13.2941	-14.5599	0	
-13.2615	-14.5224	0	
-13.2288	-14.4849	0	
-13.1962	-14.4474	0	
-13.1636	-14.4099	0	
-13.131	-14.3724	0	
-13.0984	-14.3349	0	
-13.0658	-14.2974	0	
-13.0332	-14.2599	0	
-13.0005	-14.2225	0	
-12.9679	-14.185	0	
-12.9353	-14.1476	0	
-12.9027	-14.1102	0	
-12.8701	-14.0727	0	
-12.8375	-14.0353	0	
-12.8049	-13.9979	0	
-12.7723	-13.9605	0	
-12.7397	-13.9232	0	
-12.7071	-13.8858	0	
-12.6745	-13.8484	0	
-12.6419	-13.8111	0	
-12.6093	-13.7737	0	
-12.5767	-13.7364	0	
-12.5441	-13.6991	0	
-12.5115	-13.6618	0	
-12.4789	-13.6245	0	
-12.4463	-13.5872	0	
-12.4137	-13.5499	0	
-12.3811	-13.5126	0	
-12.3485	-13.4753	0	
-12.3159	-13.4381	0	
-12.2833	-13.4008	0	
-12.2507	-13.3636	0	
-12.2181	-13.3264	0	
-12.1855	-13.2892	0	
-12.1529	-13.252	0	
-12.1203	-13.2148	0	
-12.0877	-13.1776	0	
-12.0551	-13.1404	0	
-12.0226	-13.1032	0	
-11.99	-13.0661	0	
-11.9574	-13.0289	0	
-11.9248	-12.9918	0	
-11.8922	-12.9547	0	
-11.8596	-12.9176	0	
-11.827	-12.8804	0	
-11.7945	-12.8433	0	
-11.7619	-12.8063	0	
-11.7293	-12.7692	0	
-11.6967	-12.7321	0	
-11.6641	-12.695	0	
-11.6316	-12.658	0	
-11.599	-12.6209	0	
-11.5664	-12.5839	0	
-11.5338	-12.5469	0	
-11.5012	-12.5099	0	
-11.4687	-12.4729	0	
-11.4361	-12.4359	0	
-11.4035	-12.3989	0	
-11.3709	-12.3619	0	
-11.3384	-12.325	0	
-11.3058	-12.288	0	
-11.2732	-12.2511	0	
-11.2407	-12.2141	0	
-11.2081	-12.1772	0	
-11.1755	-12.1403	0	
-11.1429	-12.1034	0	
-11.1104	-12.0665	0	
-11.0778	-12.0296	0	
-11.0452	-11.9927	0	
-11.0127	-11.9558	0	
-10.9801	-11.919	0	
-10.9475	-11.8821	0	
-10.915	-11.8453	0	
-10.8824	-11.8085	0	
-10.8499	-11.7716	0	
-10.8173	-11.7348	0	
-10.7847	-11.698	0	
-10.7522	-11.6612	0	
-10.7196	-11.6245	0	
-10.687	-11.5877	0	
-10.6545	-11.5509	0	
-10.6219	-11.5142	0	
-10.5894	-11.4774	0	
-10.5568	-11.4407	0	
-10.5243	-11.404	0	
-10.4917	-11.3673	0	
-10.4591	-11.3306	0	
-10.4266	-11.2939	0	
-10.394	-11.2572	0	
-10.3615	-11.2205	0	
-10.3289	-11.1838	0	
-10.2964	-11.1472	0	
-10.2638	-11.1105	0	
-10.2313	-11.0739	0	
-10.1987	-11.0373	0	
-10.1662	-11.0006	0	
-10.1336	-10.964	0	
-10.1011	-10.9274	0	
-10.0685	-10.8908	0	
-10.036	-10.8543	0	
-10.0034	-10.8177	0	
-9.97089	-10.7811	0	
-9.93835	-10.7446	0	
-9.9058	-10.708	0	
-9.87326	-10.6715	0	
-9.84072	-10.635	0	
-9.80817	-10.5985	0	
-9.77563	-10.562	0	
-9.74309	-10.5255	0	
-9.71055	-10.489	0	
-9.67801	-10.4525	0	
-9.64547	-10.416	0	
-9.61293	-10.3796	0	
-9.58039	-10.3431	0	
-9.54785	-10.3067	0	
-9.51532	-10.2703	0	
-9.48278	-10.2338	0	
-9.45025	-10.1974	0	
-9.41771	-10.161	0	
-9.38517	-10.1246	0	
-9.35264	-10.0883	0	
-9.32011	-10.0519	0	
-9.28757	-10.0155	0	
-9.25504	-9.97919	0	
-9.22251	-9.94284	0	
-9.18998	-9.90651	0	
-9.15745	-9.87019	0	
-9.12492	-9.83387	0	
-9.09239	-9.79757	0	
-9.05986	-9.76127	0	
-9.02733	-9.72499	0	
-8.9948	-9.68871	0	
-8.96227	-9.65245	0	
-8.92975	-9.61619	0	
-8.89722	-9.57994	0	
-8.8647	-9.54371	0	
-8.83217	-9.50748	0	
-8.79965	-9.47126	0	
-8.76712	-9.43505	0	
-8.7346	-9.39885	0	
-8.70208	-9.36266	0	
-8.66955	-9.32648	0	
-8.63703	-9.29031	0	
-8.60451	-9.25415	0	
-8.57199	-9.21799	0	
-8.53947	-9.18185	0	
-8.50695	-9.14572	0	
-8.47443	-9.10959	0	
-8.44191	-9.07348	0	
-8.40939	-9.03737	0	
-8.37688	-9.00128	0	
-8.34436	-8.96519	0	
-8.31184	-8.92912	0	
-8.27933	-8.89305	0	
-8.24681	-8.85699	0	
-8.2143	-8.82094	0	
-8.18178	-8.78491	0	
-8.14927	-8.74888	0	
-8.11676	-8.71286	0	
-8.08424	-8.67685	0	
-8.05173	-8.64085	0	
-8.01922	-8.60485	0	
-7.98671	-8.56887	0	
-7.9542	-8.5329	0	
-7.92169	-8.49694	0	
-7.88918	-8.46098	0	
-7.85667	-8.42504	0	
-7.82416	-8.3891	0	
-7.79165	-8.35318	0	
-7.75914	-8.31726	0	
-7.72664	-8.28136	0	
-7.69413	-8.24546	0	
-7.66162	-8.20957	0	
-7.62912	-8.17369	0	
-7.59661	-8.13783	0	
-7.56411	-8.10197	0	
-7.5316	-8.06612	0	
-7.4991	-8.03028	0	
-7.4666	-7.99445	0	
-7.43409	-7.95862	0	
-7.40159	-7.92281	0	
-7.36909	-7.88701	0	
-7.33659	-7.85122	0	
-7.30409	-7.81543	0	
-7.27159	-7.77966	0	
-7.23909	-7.74389	0	
-7.20659	-7.70814	0	
-7.17409	-7.67239	0	
-7.14159	-7.63665	0	
-7.10909	-7.60093	0	
-7.07659	-7.56521	0	
-7.0441	-7.5295	0	
-7.0116	-7.4938	0	
-6.9791	-7.45811	0	
-6.94661	-7.42243	0	
-6.91411	-7.38676	0	
-6.88162	-7.3511	0	
-6.84912	-7.31545	0	
-6.81663	-7.2798	0	
-6.78414	-7.24417	0	
-6.75164	-7.20855	0	
-6.71915	-7.17293	0	
-6.68666	-7.13733	0	
-6.65417	-7.10173	0	
-6.62167	-7.06614	0	
-6.58918	-7.03057	0	
-6.55669	-6.995	0	
-6.5242	-6.95944	0	
-6.49171	-6.92389	0	
-6.45922	-6.88835	0	
-6.42673	-6.85282	0	
-6.39425	-6.8173	0	
-6.36176	-6.78179	0	
-6.32927	-6.74629	0	
-6.29678	-6.7108	0	
-6.2643	-6.67531	0	
-6.23181	-6.63984	0	
-6.19932	-6.60437	0	
-6.16684	-6.56892	0	
-6.13435	-6.53347	0	
-6.10187	-6.49804	0	
-6.06938	-6.46261	0	
-6.0369	-6.42719	0	
-6.00442	-6.39178	0	
-5.97193	-6.35638	0	
-5.93945	-6.32099	0	
-5.90697	-6.28561	0	
-5.87449	-6.25024	0	
-5.84201	-6.21488	0	
-5.80952	-6.17953	0	
-5.77704	-6.14418	0	
-5.74456	-6.10885	0	
-5.71208	-6.07352	0	
-5.6796	-6.03821	0	
-5.64712	-6.0029	0	
-5.61465	-5.96761	0	
-5.58217	-5.93232	0	
-5.54969	-5.89704	0	
-5.51721	-5.86177	0	
-5.48473	-5.82651	0	
-5.45226	-5.79126	0	
-5.41978	-5.75602	0	
-5.3873	-5.72079	0	
-5.35483	-5.68557	0	
-5.32235	-5.65036	0	
-5.28988	-5.61515	0	
-5.2574	-5.57996	0	
-5.22493	-5.54478	0	
-5.19245	-5.5096	0	
-5.15998	-5.47443	0	
-5.12751	-5.43928	0	
-5.09503	-5.40413	0	
-5.06256	-5.36899	0	
-5.03009	-5.33386	0	
-4.99762	-5.29874	0	
-4.96515	-5.26363	0	
-4.93267	-5.22853	0	
-4.9002	-5.19344	0	
-4.86773	-5.15836	0	
-4.83526	-5.12328	0	
-4.80279	-5.08822	0	
-4.77032	-5.05317	0	
-4.73785	-5.01812	0	
-4.70538	-4.98309	0	
-4.67292	-4.94806	0	
-4.64045	-4.91304	0	
-4.60798	-4.87803	0	
-4.57551	-4.84303	0	
-4.54305	-4.80804	0	
-4.51058	-4.77306	0	
-4.47811	-4.73809	0	
-4.44565	-4.70313	0	
-4.41318	-4.66818	0	
-4.38071	-4.63324	0	
-4.34825	-4.5983	0	
-4.31578	-4.56338	0	
-4.28332	-4.52846	0	
-4.25085	-4.49356	0	
-4.21839	-4.45866	0	
-4.18593	-4.42377	0	
-4.15346	-4.38889	0	
-4.121	-4.35402	0	
-4.08854	-4.31916	0	
-4.05607	-4.28431	0	
-4.02361	-4.24947	0	
-3.99115	-4.21464	0	
-3.95869	-4.17982	0	
-3.92622	-4.145	0	
-3.89376	-4.1102	0	
-3.8613	-4.0754	0	
-3.82884	-4.04062	0	
-3.79638	-4.00584	0	
-3.76392	-3.97107	0	
-3.73146	-3.93631	0	
-3.699	-3.90157	0	
-3.66654	-3.86683	0	
-3.63408	-3.83209	0	
-3.60162	-3.79737	0	
-3.56917	-3.76266	0	
-3.53671	-3.72796	0	
-3.50425	-3.69326	0	
-3.47179	-3.65858	0	
-3.43933	-3.62391	0	
-3.40688	-3.58924	0	
-3.37442	-3.55458	0	
-3.34196	-3.51993	0	
-3.30951	-3.4853	0	
-3.27705	-3.45067	0	
-3.2446	-3.41605	0	
-3.21214	-3.38144	0	
-3.17968	-3.34684	0	
-3.14723	-3.31224	0	
-3.11477	-3.27766	0	
-3.08232	-3.24309	0	
-3.04986	-3.20852	0	
-3.01741	-3.17397	0	
-2.98496	-3.13942	0	
-2.9525	-3.10488	0	
-2.92005	-3.07035	0	
-2.8876	-3.03584	0	
-2.85514	-3.00133	0	
-2.82269	-2.96683	0	
-2.79024	-2.93233	0	
-2.75779	-2.89785	0	
-2.72533	-2.86338	0	
-2.69288	-2.82892	0	
-2.66043	-2.79446	0	
-2.62798	-2.76002	0	
-2.59553	-2.72558	0	
-2.56308	-2.69115	0	
-2.53062	-2.65674	0	
-2.49817	-2.62233	0	
-2.46572	-2.58793	0	
-2.43327	-2.55354	0	
-2.40082	-2.51916	0	
-2.36837	-2.48479	0	
-2.33592	-2.45042	0	
-2.30347	-2.41607	0	
-2.27102	-2.38172	0	
-2.23858	-2.34739	0	
-2.20613	-2.31306	0	
-2.17368	-2.27875	0	
-2.14123	-2.24444	0	
-2.10878	-2.21014	0	
-2.07633	-2.17585	0	
-2.04389	-2.14157	0	
-2.01144	-2.1073	0	
-1.97899	-2.07304	0	
-1.94654	-2.03878	0	
-1.9141	-2.00454	0	
-1.88165	-1.97031	0	
-1.8492	-1.93608	0	
-1.81676	-1.90187	0	
-1.78431	-1.86766	0	
-1.75186	-1.83346	0	
-1.71942	-1.79927	0	
-1.68697	-1.76509	0	
-1.65452	-1.73092	0	
-1.62208	-1.69676	0	
-1.58963	-1.66261	0	
-1.55719	-1.62846	0	
-1.52474	-1.59433	0	
-1.4923	-1.56021	0	
-1.45985	-1.52609	0	
-1.42741	-1.49198	0	
-1.39496	-1.45789	0	
-1.36252	-1.4238	0	
-1.33007	-1.38972	0	
-1.29763	-1.35565	0	
-1.26519	-1.32159	0	
-1.23274	-1.28753	0	
-1.2003	-1.25349	0	
-1.16786	-1.21946	0	
-1.13541	-1.18543	0	
-1.10297	-1.15142	0	
-1.07053	-1.11741	0	
-1.03808	-1.08341	0	
-1.00564	-1.04943	0	
-0.973197	-1.01545	0	
-0.940754	-0.981477	0	
-0.908312	-0.947516	0	
-0.875869	-0.913565	0	
-0.843427	-0.879622	0	
-0.810985	-0.845688	0	
-0.778543	-0.811764	0	
-0.746101	-0.777848	0	
-0.713659	-0.743942	0	
-0.681217	-0.710045	0	
-0.648776	-0.676157	0	
-0.616334	-0.642278	0	
-0.583893	-0.608408	0	
-0.551451	-0.574547	0	
-0.51901	-0.540695	0	
-0.486569	-0.506852	0	
-0.454128	-0.473019	0	
-0.421687	-0.439194	0	
-0.389247	-0.405378	0	
-0.356806	-0.371572	0	
-0.324365	-0.337775	0	
-0.291925	-0.303986	0	
-0.259484	-0.270207	0	
-0.227044	-0.236437	0	
-0.194604	-0.202676	0	
-0.162164	-0.168924	0	
-0.129724	-0.135181	0	
-0.0972835	-0.101447	0	
-0.0648436	-0.067722	0	
-0.0324038	-0.0340062	0	
3.59811e-05	-0.00029947	0	
0.0324757	0.0333982	0	
0.0649153	0.0670869	0	
0.0973548	0.100766	0	
0.129794	0.134437	0	
0.162234	0.168098	0	
0.194673	0.201751	0	
0.227112	0.235394	0	
0.259552	0.269029	0	
0.291991	0.302654	0	
0.32443	0.33627	0	
0.356869	0.369877	0	
0.389308	0.403476	0	
0.421747	0.437065	0	
0.454186	0.470645	0	
0.486625	0.504216	0	
0.519063	0.537778	0	
0.551502	0.571331	0	
0.583941	0.604875	0	
0.616379	0.63841	0	
0.648818	0.671936	0	
0.681257	0.705453	0	
0.713695	0.738961	0	
0.746134	0.77246	0	
0.778572	0.805949	0	
0.811011	0.83943	0	
0.843449	0.872902	0	
0.875887	0.906365	0	
0.908326	0.939819	0	
0.940764	0.973264	0	
0.973202	1.0067	0	
1.00564	1.04013	0	
1.03808	1.07354	0	
1.07052	1.10695	0	
1.10296	1.14035	0	
1.13539	1.17374	0	
1.16783	1.20712	0	
1.20027	1.2405	0	
1.23271	1.27386	0	
1.26515	1.30722	0	
1.29758	1.34056	0	
1.33002	1.3739	0	
1.36246	1.40723	0	
1.3949	1.44054	0	
1.42734	1.47385	0	
1.45978	1.50716	0	
1.49221	1.54045	0	
1.52465	1.57373	0	
1.55709	1.607	0	
1.58953	1.64027	0	
1.62197	1.67352	0	
1.6544	1.70677	0	
1.68684	1.74001	0	
1.71928	1.77324	0	
1.75172	1.80646	0	
1.78416	1.83967	0	
1.8166	1.87287	0	
1.84903	1.90606	0	
1.88147	1.93925	0	
1.91391	1.97242	0	
1.94635	2.00559	0	
1.97879	2.03875	0	
2.01123	2.07189	0	
2.04366	2.10503	0	
2.0761	2.13816	0	
2.10854	2.17129	0	
2.14098	2.2044	0	
2.17342	2.2375	0	
2.20586	2.2706	0	
2.2383	2.30368	0	
2.27073	2.33676	0	
2.30317	2.36983	0	
2.33561	2.40288	0	
2.36805	2.43593	0	
2.40049	2.46897	0	
2.43293	2.50201	0	
2.46537	2.53503	0	
2.49781	2.56804	0	
2.53025	2.60105	0	
2.56269	2.63404	0	
2.59513	2.66703	0	
2.62756	2.70001	0	
2.66	2.73298	0	
2.69244	2.76594	0	
2.72488	2.79889	0	
2.75732	2.83183	0	
2.78976	2.86477	0	
2.8222	2.89769	0	
2.85464	2.93061	0	
2.88708	2.96351	0	
2.91952	2.99641	0	
2.95196	3.0293	0	
2.9844	3.06218	0	
3.01684	3.09505	0	
3.04928	3.12791	0	
3.08172	3.16077	0	
3.11416	3.19361	0	
3.1466	3.22645	0	
3.17905	3.25927	0	
3.21149	3.29209	0	
3.24393	3.3249	0	
3.27637	3.3577	0	
3.30881	3.39049	0	
3.34125	3.42327	0	
3.37369	3.45604	0	
3.40613	3.48881	0	
3.43857	3.52156	0	
3.47102	3.55431	0	
3.50346	3.58705	0	
3.5359	3.61978	0	
3.56834	3.65249	0	
3.60078	3.68521	0	
3.63323	3.71791	0	
3.66567	3.7506	0	
3.69811	3.78328	0	
3.73055	3.81596	0	
3.763	3.84863	0	
3.79544	3.88128	0	
3.82788	3.91393	0	
3.86033	3.94657	0	
3.89277	3.9792	0	
3.92521	4.01182	0	
3.95766	4.04444	0	
3.9901	4.07704	0	
4.02254	4.10964	0	
4.05499	4.14222	0	
4.08743	4.1748	0	
4.11987	4.20737	0	
4.15232	4.23993	0	
4.18476	4.27248	0	
4.21721	4.30502	0	
4.24965	4.33755	0	
4.2821	4.37008	0	
4.31454	4.40259	0	
4.34699	4.4351	0	
4.37943	4.4676	0	
4.41188	4.50009	0	
4.44433	4.53257	0	
4.47677	4.56504	0	
4.50922	4.5975	0	
4.54166	4.62995	0	
4.57411	4.6624	0	
4.60656	4.69484	0	
4.639	4.72726	0	
4.67145	4.75968	0	
4.7039	4.79209	0	
4.73634	4.82449	0	
4.76879	4.85688	0	
4.80124	4.88926	0	
4.83369	4.92164	0	
4.86613	4.954	0	
4.89858	4.98636	0	
4.93103	5.01871	0	
4.96348	5.05104	0	
4.99593	5.08337	0	
5.02838	5.1157	0	
5.06083	5.14801	0	
5.09328	5.18031	0	
5.12572	5.2126	0	
5.15817	5.24489	0	
5.19062	5.27717	0	
5.22307	5.30943	0	
5.25552	5.34169	0	
5.28797	5.37394	0	
5.32043	5.40619	0	
5.35288	5.43842	0	
5.38533	5.47064	0	
5.41778	5.50286	0	
5.45023	5.53506	0	
5.48268	5.56726	0	
5.51513	5.59945	0	
5.54759	5.63163	0	
5.58004	5.6638	0	
5.61249	5.69596	0	
5.64494	5.72812	0	
5.6774	5.76026	0	
5.70985	5.7924	0	
5.7423	5.82452	0	
5.77476	5.85664	0	
5.80721	5.88875	0	
5.83967	5.92085	0	
5.87212	5.95294	0	
5.90457	5.98502	0	
5.93703	6.0171	0	
5.96948	6.04916	0	
6.00194	6.08122	0	
6.0344	6.11327	0	
6.06685	6.14531	0	
6.09931	6.17734	0	
6.13176	6.20936	0	
6.16422	6.24137	0	
6.19668	6.27338	0	
6.22913	6.30537	0	
6.26159	6.33736	0	
6.29405	6.36933	0	
6.32651	6.4013	0	
6.35897	6.43326	0	
6.39142	6.46521	0	
6.42388	6.49716	0	
6.45634	6.52909	0	
6.4888	6.56102	0	
6.52126	6.59293	0	
6.55372	6.62484	0	
6.58618	6.65674	0	
6.61864	6.68863	0	
6.6511	6.72051	0	
6.68356	6.75238	0	
6.71602	6.78424	0	
6.74848	6.8161	0	
6.78095	6.84794	0	
6.81341	6.87978	0	
6.84587	6.91161	0	
6.87833	6.94343	0	
6.9108	6.97524	0	
6.94326	7.00704	0	
6.97572	7.03884	0	
7.00819	7.07062	0	
7.04065	7.1024	0	
7.07311	7.13417	0	
7.10558	7.16592	0	
7.13804	7.19767	0	
7.17051	7.22941	0	
7.20297	7.26115	0	
7.23544	7.29287	0	
7.26791	7.32459	0	
7.30037	7.35629	0	
7.33284	7.38799	0	
7.36531	7.41968	0	
7.39777	7.45136	0	
7.43024	7.48303	0	
7.46271	7.51469	0	
7.49518	7.54634	0	
7.52765	7.57799	0	
7.56012	7.60963	0	
7.59258	7.64125	0	
7.62505	7.67287	0	
7.65752	7.70448	0	
7.68999	7.73608	0	
7.72247	7.76768	0	
7.75494	7.79926	0	
7.78741	7.83084	0	
7.81988	7.8624	0	
7.85235	7.89396	0	
7.88482	7.92551	0	
7.9173	7.95705	0	
7.94977	7.98858	0	
7.98224	8.0201	0	
8.01472	8.05162	0	
8.04719	8.08312	0	
8.07966	8.11462	0	
8.11214	8.14611	0	
8.14461	8.17759	0	
8.17709	8.20906	0	
8.20957	8.24052	0	
8.24204	8.27197	0	
8.27452	8.30342	0	
8.30699	8.33485	0	
8.33947	8.36628	0	
8.37195	8.3977	0	
8.40443	8.42911	0	
8.43691	8.46051	0	
8.46938	8.4919	0	
8.50186	8.52329	0	
8.53434	8.55466	0	
8.56682	8.58603	0	
8.5993	8.61739	0	
8.63178	8.64874	0	
8.66426	8.68008	0	
8.69675	8.71141	0	
8.72923	8.74273	0	
8.76171	8.77405	0	
8.79419	8.80535	0	
8.82668	8.83665	0	
8.85916	8.86794	0	
8.89164	8.89922	0	
8.92413	8.93049	0	
8.95661	8.96175	0	
8.9891	8.993	0	
9.02158	9.02425	0	
9.05407	9.05549	0	
9.08655	9.08671	0	
9.11904	9.11793	0	
9.15153	9.14914	0	
9.18401	9.18034	0	
9.2165	9.21154	0	
9.24899	9.24272	0	
9.28148	9.2739	0	
9.31397	9.30506	0	
9.34646	9.33622	0	
9.37895	9.36737	0	
9.41144	9.39851	0	
9.44393	9.42965	0	
9.47642	9.46077	0	
9.50891	9.49189	0	
9.5414	9.52299	0	
9.57389	9.55409	0	
9.60639	9.58518	0	
9.63888	9.61626	0	
9.67137	9.64733	0	
9.70387	9.6784	0	
9.73636	9.70945	0	
9.76886	9.7405	0	
9.80135	9.77153	0	
9.83385	9.80256	0	
9.86634	9.83358	0	
9.89884	9.86459	0	
9.93134	9.8956	0	
9.96383	9.92659	0	
9.99633	9.95758	0	
10.0288	9.98855	0	
10.0613	10.0195	0	
10.0938	10.0505	0	
10.1263	10.0814	0	
10.1588	10.1124	0	
10.1913	10.1433	0	
10.2238	10.1742	0	
10.2563	10.2052	0	
10.2888	10.2361	0	
10.3213	10.267	0	
10.3538	10.2979	0	
10.3863	10.3287	0	
10.4188	10.3596	0	
10.4514	10.3905	0	
10.4839	10.4213	0	
10.5164	10.4522	0	
10.5489	10.483	0	
10.5814	10.5138	0	
10.6139	10.5447	0	
10.6464	10.5755	0	
10.6789	10.6063	0	
10.7114	10.6371	0	
10.7439	10.6679	0	
10.7764	10.6986	0	
10.8089	10.7294	0	
10.8414	10.7602	0	
10.874	10.7909	0	
10.9065	10.8217	0	
10.939	10.8524	0	
10.9715	10.8831	0	
11.004	10.9139	0	
11.0365	10.9446	0	
11.069	10.9753	0	
11.1015	11.006	0	
11.1341	11.0367	0	
11.1666	11.0673	0	
11.1991	11.098	0	
11.2316	11.1287	0	
11.2641	11.1593	0	
11.2966	11.1899	0	
11.3292	11.2206	0	
11.3617	11.2512	0	
11.3942	11.2818	0	
11.4267	11.3124	0	
11.4592	11.343	0	
11.4918	11.3736	0	
11.5243	11.4042	0	
11.5568	11.4348	0	
11.5893	11.4653	0	
11.6218	11.4959	0	
11.6544	11.5264	0	
11.6869	11.557	0	
11.7194	11.5875	0	
11.7519	11.618	0	
11.7845	11.6485	0	
11.817	11.679	0	
11.8495	11.7095	0	
11.882	11.74	0	
11.9146	11.7705	0	
11.9471	11.801	0	
11.9796	11.8314	0	
12.0122	11.8619	0	
12.0447	11.8923	0	
12.0772	11.9228	0	
12.1097	11.9532	0	
12.1423	11.9836	0	
12.1748	12.014	0	
12.2073	12.0444	0	
12.2399	12.0748	0	
12.2724	12.1052	0	
12.3049	12.1356	0	
12.3375	12.166	0	
12.37	12.1963	0	
12.4025	12.2267	0	
12.4351	12.257	0	
12.4676	12.2873	0	
12.5002	12.3177	0	
12.5327	12.348	0	
12.5652	12.3783	0	
12.5978	12.4086	0	
12.6303	12.4389	0	
12.6629	12.4692	0	
12.6954	12.4994	0	
12.7279	12.5297	0	
12.7605	12.56	0	
12.793	12.5902	0	
12.8256	12.6205	0	
12.8581	12.6507	0	
12.8907	12.6809	0	
12.9232	12.7111	0	
12.9557	12.7413	0	
12.9883	12.7715	0	
13.0208	12.8017	0	
13.0534	12.8319	0	
13.0859	12.8621	0	
13.1185	12.8922	0	
13.151	12.9224	0	
13.1836	12.9525	0	
13.2161	12.9827	0	
13.2487	13.0128	0	
13.2812	13.0429	0	
13.3138	13.073	0	
13.3463	13.1031	0	
13.3789	13.1332	0	
13.4115	13.1633	0	
13.444	13.1934	0	
13.4766	13.2235	0	
13.5091	13.2535	0	
13.5417	13.2836	0	
13.5742	13.3136	0	
13.6068	13.3437	0	
13.6394	13.3737	0	
13.6719	13.4037	0	
13.7045	13.4337	0	
13.737	13.4637	0	
13.7696	13.4937	0	
13.8022	13.5237	0	
13.8347	13.5537	0	
13.8673	13.5837	0	
13.8999	13.6136	0	
13.9324	13.6436	0	
13.965	13.6735	0	
13.9975	13.7034	0	
14.0301	13.7334	0	
14.0627	13.7633	0	
14.0952	13.7932	0	
14.1278	13.8231	0	
14.1604	13.853	0	
14.193	13.8829	0	
14.2255	13.9127	0	
14.2581	13.9426	0	
14.2907	13.9725	0	
14.3232	14.0023	0	
14.3558	14.0322	0	
14.3884	14.062	0	
14.421	14.0918	0	
14.4535	14.1216	0	
14.4861	14.1514	0	
14.5187	14.1812	0	
14.5513	14.211	0	
14.5839	14.2408	0	
14.6164	14.2706	0	
14.649	14.3004	0	
14.6816	14.3301	0	
14.7142	14.3599	0	
14.7468	14.3896	0	
14.7793	14.4193	0	
14.8119	14.449	0	
14.8445	14.4788	0	
14.8771	14.5085	0	
14.9097	14.5382	0	
14.9423	14.5679	0	
14.9748	14.5975	0	
15.0074	14.6272	0	
15.04	14.6569	0	
15.0726	14.6865	0	
15.1052	14.7162	0	
15.1378	14.7458	0	
15.1704	14.7754	0	
15.203	14.8051	0	
15.2356	14.8347	0	
15.2682	14.8643	0	
15.3007	14.8939	0	
15.3333	14.9235	0	
15.3659	14.953	0	
15.3985	14.9826	0	
15.4311	15.0122	0	
15.4637	15.0417	0	
15.4963	15.0713	0	
15.5289	15.1008	0	
15.5615	15.1304	0	
15.5941	15.1599	0	
15.6267	15.1894	0	
15.6593	15.2189	0	
15.6919	15.2484	0	
15.7245	15.2779	0	
15.7571	15.3073	0	
15.7897	15.3368	0	
15.8223	15.3663	0	
15.855	15.3957	0	
15.8876	15.4252	0	
15.9202	15.4546	0	
15.9528	15.484	0	
15.9854	15.5135	0	
16.018	15.5429	0	
16.0506	15.5723	0	
16.0832	15.6017	0	
16.1158	15.6311	0	
16.1484	15.6604	0	
16.1811	15.6898	0	
16.2137	15.7192	0	
16.2461	15.749	0	
16.2782	15.7796	0	
16.31	15.8111	0	
16.3415	15.8435	0	
16.3726	15.8768	0	
16.4034	15.9109	0	
16.4339	15.9459	0	
16.464	15.9817	0	
16.4938	16.0184	0	
16.5233	16.056	0	
16.5524	16.0945	0	
16.5812	16.1338	0	
16.6097	16.174	0	
16.6378	16.215	0	
16.6656	16.2569	0	
16.6931	16.2997	0	
16.7202	16.3433	0	
16.747	16.3878	0	
16.7735	16.4332	0	
16.7996	16.4794	0	
16.8254	16.5265	0	
16.8508	16.5745	0	
16.8759	16.6233	0	
16.9007	16.673	0	
16.9251	16.7235	0	
16.9492	16.7749	0	
16.9729	16.8272	0	
16.9963	16.8803	0	
17.0194	16.9343	0	
17.0421	16.9891	0	
17.0645	17.0448	0	
17.0865	17.1014	0	
17.1082	17.1588	0	
17.1295	17.2171	0	
17.1505	17.2762	0	
17.1711	17.3362	0	
17.1914	17.3971	0	
17.2113	17.4588	0	
17.2309	17.5214	0	
17.2501	17.5848	0	
17.269	17.6491	0	
17.2875	17.7142	0	
17.3056	17.7802	0	
17.3234	17.847	0	
17.3409	17.9147	0	
17.358	17.9832	0	
17.3747	18.0526	0	
17.391	18.1229	0	
17.407	18.194	0	
17.4227	18.2659	0	
17.4379	18.3387	0	
17.4528	18.4123	0	
17.4674	18.4868	0	
17.4815	18.5622	0	
17.4953	18.6383	0	
17.5088	18.7154	0	
17.5218	18.7932	0	
17.5345	18.8719	0	
17.5468	18.9515	0	
17.5587	19.0319	0	
17.5703	19.1131	0	
17.5814	19.1952	0	
17.5922	19.2781	0	
17.6026	19.3618	0	
17.6126	19.4464	0	
17.6223	19.5318	0	
17.6315	19.6181	0	
17.6404	19.7052	0	
17.6488	19.7931	0	
17.6569	19.8819	0	
17.6646	19.9714	0	
17.6719	20.0618	0	
17.6788	20.1531	0	
17.6853	20.2452	0	
17.6914	20.338	0	
17.6971	20.4318	0	
17.7024	20.5263	0	
17.7072	20.6217	0	
17.7117	20.7179	0	
17.7158	20.8149	0	
17.7195	20.9127	0	
17.7227	21.0113	0	
17.7255	21.1108	0	
17.728	21.2111	0	
17.73	21.3122	0	
17.7315	21.4141	0	
17.7327	21.5168	0	
17.7335	21.6203	0	
17.7338	21.7246	0	
17.7337	21.8298	0	
17.7331	21.9357	0	
17.7321	22.0425	0	
17.7307	22.15	0	
17.7289	22.2584	0	
17.7266	22.3675	0	
17.7239	22.4775	0	
17.7208	22.5882	0	
17.7172	22.6998	0	
17.7131	22.8121	0	
17.7087	22.9252	0	
17.7037	23.0391	0	
17.6983	23.1538	0	
17.6925	23.2693	0	
17.6862	23.3856	0	
17.6795	23.5027	0	
17.6722	23.6205	0	
17.6646	23.7391	0	
17.6564	23.8585	0	
17.6478	23.9787	0	
17.6388	24.0997	0	
17.6292	24.2214	0	
17.6192	24.3439	0	
17.6087	24.4671	0	
17.5978	24.5911	0	
17.5863	24.7159	0	
17.5744	24.8415	0	
17.562	24.9678	0	
17.5491	25.0949	0	
17.5357	25.2227	0	
17.5219	25.3513	0	
17.5075	25.4806	0	
17.4926	25.6107	0	
17.4773	25.7415	0	
17.4614	25.8731	0	
17.4451	26.0054	0	
17.4282	26.1385	0	
17.4108	26.2722	0	
17.393	26.4068	0	
17.3746	26.542	0	
17.3557	26.678	0	
17.3362	26.8148	0	
17.3163	26.9522	0	
17.2958	27.0904	0	
17.2748	27.2293	0	
17.2533	27.3689	0	
17.2313	27.5092	0	
17.2087	27.6503	0	
17.1856	27.792	0	
17.1619	27.9345	0	
17.1377	28.0776	0	
17.113	28.2215	0	
17.0877	28.3661	0	
17.0619	28.5113	0	
17.0355	28.6573	0	
17.0086	28.8039	0	
16.9812	28.9513	0	
16.9531	29.0993	0	
16.9245	29.248	0	
16.8954	29.3974	0	
16.8657	29.5475	0	
16.8354	29.6982	0	
16.8045	29.8496	0	
16.7731	30.0017	0	
16.7411	30.1544	0	
16.7085	30.3078	0	
16.6753	30.4619	0	
16.6416	30.6166	0	
16.6073	30.7719	0	
16.5724	30.928	0	
16.5369	31.0846	0	
16.5008	31.2419	0	
16.4641	31.3998	0	
16.4268	31.5584	0	
16.3889	31.7176	0	
16.3504	31.8774	0	
16.3113	32.0378	0	
16.2716	32.1989	0	
16.2313	32.3606	0	
16.1903	32.5229	0	
16.1488	32.6858	0	
16.1066	32.8493	0	
16.0638	33.0134	0	
16.0204	33.1781	0	
15.9764	33.3433	0	
15.9317	33.5092	0	
15.8864	33.6757	0	
15.8405	33.8427	0	
15.7939	34.0103	0	
15.7467	34.1785	0	
15.6989	34.3473	0	
15.6504	34.5166	0	
15.6013	34.6865	0	
15.5515	34.8569	0	
15.501	35.0279	0	
15.4499	35.1995	0	
15.3982	35.3715	0	
15.3458	35.5441	0	
15.2927	35.7173	0	
15.239	35.891	0	
15.1846	36.0651	0	
15.1295	36.2399	0	
15.0738	36.4151	0	
15.0174	36.5908	0	
14.9603	36.7671	0	
14.9026	36.9438	0	
14.8441	37.121	0	
14.785	37.2988	0	
14.7252	37.477	0	
14.6647	37.6557	0	
14.6035	37.8348	0	
14.5417	38.0145	0	
14.4791	38.1945	0	
14.4158	38.3751	0	
14.3519	38.5561	0	
14.2872	38.7376	0	
14.2218	38.9195	0	
14.1558	39.1018	0	
14.089	39.2846	0	
14.0215	39.4677	0	
13.9533	39.6514	0	
13.8844	39.8354	0	
13.8148	40.0198	0	
13.7444	40.2046	0	
13.6734	40.3899	0	
13.6016	40.5755	0	
13.5291	40.7615	0	
13.4558	40.9479	0	
13.3819	41.1347	0	
13.3072	41.3218	0	
13.2318	41.5093	0	
13.1556	41.6971	0	
13.0787	41.8853	0	
13.0011	42.0739	0	
12.9228	42.2627	0	
12.8437	42.4519	0	
12.7638	42.6414	0	
12.6832	42.8313	0	
12.6019	43.0214	0	
12.5198	43.2119	0	
12.437	43.4026	0	
12.3534	43.5937	0	
12.2691	43.785	0	
12.184	43.9766	0	
12.0982	44.1684	0	
12.0116	44.3606	0	
11.9243	44.5529	0	
11.8362	44.7456	0	
11.7473	44.9384	0	
11.6577	45.1315	0	
11.5674	45.3248	0	
11.4762	45.5184	0	
11.3843	45.7121	0	
11.2916	45.9061	0	
11.1982	46.1002	0	
11.104	46.2945	0	
11.009	46.4891	0	
10.9133	46.6837	0	
10.8168	46.8786	0	
10.7195	47.0736	0	
10.6215	47.2688	0	
10.5226	47.4641	0	
10.423	47.6595	0	
10.3227	47.855	0	
10.2215	48.0507	0	
10.1196	48.2465	0	
10.0169	48.4423	0	
9.91344	48.6383	0	
9.8092	48.8344	0	
9.70418	49.0305	0	
9.59838	49.2267	0	
9.4918	49.4229	0	
9.38445	49.6192	0	
9.27632	49.8155	0	
9.16741	50.0119	0	
9.05772	50.2082	0	
8.94726	50.4046	0	
8.83602	50.601	0	
8.724	50.7974	0	
8.6112	50.9938	0	
8.49763	51.1901	0	
8.38328	51.3864	0	
8.26815	51.5827	0	
8.15225	51.7789	0	
8.03557	51.9751	0	
7.91811	52.1712	0	
7.79988	52.3672	0	
7.68088	52.5631	0	
7.5611	52.7589	0	
7.44055	52.9546	0	
7.31923	53.1501	0	
7.19713	53.3456	0	
7.07427	53.5409	0	
6.95064	53.736	0	
6.82623	53.931	0	
6.70107	54.1258	0	
6.57513	54.3204	0	
6.44843	54.5149	0	
6.32097	54.7091	0	
6.19274	54.9031	0	
6.06376	55.0969	0	
5.93402	55.2905	0	
5.80351	55.4838	0	
5.67226	55.6768	0	
5.54025	55.8696	0	
5.40748	56.0621	0	
5.27397	56.2543	0	
5.13971	56.4462	0	
5.0047	56.6378	0	
4.86894	56.8291	0	
4.73245	57.02	0	
4.59521	57.2106	0	
4.45724	57.4009	0	
4.31853	57.5907	0	
4.17909	57.7802	0	
4.03892	57.9693	0	
3.89802	58.158	0	
3.75639	58.3462	0	
3.61404	58.5341	0	
3.47098	58.7215	0	
3.32719	58.9084	0	
3.1827	59.0949	0	
3.03749	59.2809	0	
2.89157	59.4664	0	
2.74495	59.6514	0	
2.59763	59.8359	0	
2.44961	60.0198	0	
2.3009	60.2032	0	
2.1515	60.3861	0	
2.0014	60.5684	0	
1.85063	60.7501	0	
1.69918	60.9313	0	
1.54705	61.1118	0	
1.39425	61.2917	0	
1.24078	61.471	0	
1.08664	61.6496	0	
0.931851	61.8276	0	
0.776403	62.0049	0	
0.620304	62.1816	0	
0.463559	62.3575	0	
0.306171	62.5327	0	
0.148146	62.7072	0	
-0.0105117	62.881	0	
-0.169798	63.054	0	
-0.329707	63.2263	0	
-0.490234	63.3977	0	
-0.651375	63.5684	0	
-0.813124	63.7383	0	
-0.975477	63.9073	0	
-1.13843	64.0756	0	
-1.30197	64.2429	0	
-1.4661	64.4094	0	
-1.63081	64.5751	0	
-1.7961	64.7398	0	
-1.96195	64.9037	0	
-2.12838	65.0666	0	
-2.29536	65.2286	0	
-2.46289	65.3896	0	
-2.63097	65.5497	0	
-2.79959	65.7088	0	
-2.96874	65.8669	0	
-3.13843	66.024	0	
-3.30863	66.18	0	
-3.47935	66.3351	0	
-3.65058	66.489	0	
-3.82231	66.642	0	
-3.99454	66.7938	0	
-4.16726	66.9445	0	
-4.34045	67.0941	0	
-4.51413	67.2426	0	
-4.68827	67.39	0	
-4.86287	67.5362	0	
-5.03793	67.6812	0	
-5.21343	67.825	0	
-5.38937	67.9676	0	
-5.56575	68.109	0	
-5.74254	68.2492	0	
-5.91976	68.3881	0	
-6.09738	68.5258	0	
-6.27541	68.6621	0	
-6.45383	68.7972	0	
-6.63263	68.9309	0	
-6.81181	69.0633	0	
-6.99137	69.1944	0	
-7.17128	69.3241	0	
-7.35155	69.4524	0	
-7.53216	69.5793	0	
-7.71311	69.7048	0	
-7.89438	69.8289	0	
-8.07598	69.9516	0	
-8.25789	70.0727	0	
-8.4401	70.1924	0	
-8.6226	70.3107	0	
-8.80539	70.4273	0	
-8.98845	70.5425	0	
-9.17179	70.6561	0	
-9.35538	70.7682	0	
-9.53922	70.8787	0	
-9.7233	70.9876	0	
-9.90761	71.0949	0	
-10.0921	71.2005	0	
-10.2769	71.3046	0	
-10.4618	71.4069	0	
-10.647	71.5076	0	
-10.8323	71.6066	0	
-11.0178	71.7039	0	
-11.2035	71.7994	0	
-11.3893	71.8932	0	
-11.5752	71.9852	0	
-11.7613	72.0755	0	
-11.9475	72.164	0	
-12.1339	72.2506	0	
-12.3203	72.3355	0	
-12.5069	72.4184	0	
-12.6935	72.4995	0	
-12.8802	72.5788	0	
-13.0669	72.6561	0	
-13.2538	72.7315	0	
-13.4406	72.805	0	
-13.6275	72.8766	0	
-13.8144	72.9461	0	
-14.0014	73.0137	0	
-14.1883	73.0793	0	
-14.3752	73.1429	0	
-14.5621	73.2044	0	
-14.749	73.2639	0	
-14.9358	73.3213	0	
-15.1226	73.3766	0	
-15.3093	73.4299	0	
-15.4959	73.481	0	
-15.6825	73.5299	0	
-15.869	73.5767	0	
-16.0553	73.6214	0	
-16.2416	73.6638	0	
-16.4277	73.704	0	
-16.6137	73.742	0	
-16.7995	73.7778	0	
-16.9851	73.8113	0	
-17.1706	73.8425	0	
-17.3559	73.8715	0	
-17.5411	73.8981	0	
-17.726	73.9224	0	
-17.9106	73.9443	0	
-18.0951	73.9639	0	
-18.2793	73.9811	0	
-18.4633	73.9959	0	
-18.647	74.0083	0	
-18.8304	74.0183	0	
-19.0136	74.0258	0	
-19.1964	74.0309	0	
-19.3789	74.0334	0	
-19.5612	74.0335	0	
-19.743	74.0311	0	
-19.9246	74.0261	0	
-20.1058	74.0186	0	
-20.2866	74.0085	0	
-20.467	73.9958	0	
-20.6471	73.9806	0	
-20.8267	73.9627	0	
-21.006	73.9422	0	
-21.1848	73.919	0	
-21.3632	73.8932	0	
-21.5411	73.8647	0	
-21.7186	73.8335	0	
-21.8956	73.7995	0	
-22.0721	73.7629	0	
-22.2482	73.7235	0	
-22.4237	73.6813	0	
-22.5987	73.6364	0	
-22.7732	73.5887	0	
-22.9471	73.5381	0	
-23.1205	73.4848	0	
-23.2934	73.4286	0	
-23.4656	73.3695	0	
-23.6373	73.3076	0	
-23.8084	73.2427	0	
-23.9788	73.175	0	
-24.1487	73.1044	0	
-24.3179	73.0308	0	
-24.4865	72.9543	0	
-24.6544	72.8748	0	
-24.8217	72.7923	0	
-24.9882	72.7068	0	
-25.1541	72.6184	0	
-25.3193	72.5269	0	
-25.4838	72.4324	0	
-25.6476	72.3348	0	
-25.8106	72.2341	0	
-25.9729	72.1304	0	
-26.1344	72.0236	0	
-26.2952	71.9137	0	
-26.4551	71.8006	0	
-26.6143	71.6844	0	
-26.7727	71.5651	0	
-26.9303	71.4426	0	
-27.0871	71.317	0	
-27.243	71.1881	0	
-27.3981	71.0561	0	
-27.5523	70.9208	0	
-27.7057	70.7823	0	
-27.8582	70.6406	0	
-28.0098	70.4956	0	
-28.1605	70.3474	0	
-28.3103	70.1959	0	
-28.4592	70.0411	0	
-28.6071	69.883	0	
-28.7541	69.7216	0	
-28.9002	69.5569	0	
-29.0452	69.3889	0	
-29.1894	69.2175	0	
-29.3325	69.0427	0	
-29.4743	68.865	0	
-29.6145	68.6849	0	
-29.7529	68.5022	0	
-29.8898	68.3171	0	
-30.0249	68.1296	0	
-30.1585	67.9397	0	
-30.2904	67.7474	0	
-30.4207	67.5528	0	
-30.5493	67.3558	0	
-30.6763	67.1566	0	
-30.8017	66.9551	0	
-30.9256	66.7513	0	
-31.0478	66.5454	0	
-31.1684	66.3372	0	
-31.2874	66.1269	0	
-31.4049	65.9144	0	
-31.5207	65.6998	0	
-31.6351	65.4832	0	
-31.7478	65.2644	0	
-31.859	65.0437	0	
-31.9687	64.8209	0	
-32.0768	64.5961	0	
-32.1834	64.3694	0	
-32.2884	64.1407	0	
-32.392	63.9101	0	
-32.494	63.6776	0	
-32.5946	63.4433	0	
-32.6936	63.2071	0	
-32.7912	62.9691	0	
-32.8872	62.7294	0	
-32.9818	62.4878	0	
-33.075	62.2446	0	
-33.1666	61.9996	0	
-33.2568	61.7529	0	
-33.3456	61.5046	0	
-33.433	61.2546	0	
-33.5189	61.0031	0	
-33.6033	60.7499	0	
-33.6864	60.4952	0	
-33.7681	60.2389	0	
-33.8484	59.9811	0	
-33.9272	59.7218	0	
-34.0047	59.4611	0	
-34.0808	59.1989	0	
-34.1556	58.9353	0	
-34.229	58.6703	0	
-34.301	58.4039	0	
-34.3717	58.1362	0	
-34.441	57.8672	0	
-34.509	57.5968	0	
-34.5757	57.3252	0	
-34.6411	57.0524	0	
-34.7052	56.7783	0	
-34.768	56.503	0	
-34.8294	56.2265	0	
-34.8896	55.9489	0	
-34.9485	55.6701	0	
-35.0062	55.3902	0	
-35.0626	55.1093	0	
-35.1177	54.8272	0	
-35.1716	54.5442	0	
-35.2242	54.2601	0	
-35.2757	53.975	0	
-35.3259	53.6889	0	
-35.3748	53.4019	0	
-35.4226	53.1139	0	
-35.4692	52.8251	0	
-35.5146	52.5353	0	
-35.5588	52.2447	0	
-35.6018	51.9532	0	
-35.6436	51.661	0	
-35.6843	51.3679	0	
-35.7238	51.074	0	
-35.7622	50.7794	0	
-35.7995	50.4841	0	
-35.8356	50.188	0	
-35.8706	49.8912	0	
-35.9044	49.5938	0	
-35.9372	49.2957	0	
-35.9689	48.997	0	
-35.9994	48.6977	0	
-36.0289	48.3978	0	
-36.0573	48.0973	0	
-36.0846	47.7963	0	
-36.1109	47.4947	0	
-36.1361	47.1927	0	
-36.1602	46.8901	0	
-36.1834	46.5871	0	
-36.2054	46.2836	0	
-36.2265	45.9797	0	
-36.2465	45.6754	0	
-36.2655	45.3707	0	
-36.2835	45.0656	0	
-36.3006	44.7602	0	
-36.3166	44.4544	0	
-36.3316	44.1483	0	
-36.3457	43.842	0	
-36.3588	43.5353	0	
-36.3709	43.2284	0	
-36.382	42.9212	0	
-36.3923	42.6139	0	
-36.4015	42.3063	0	
-36.4099	41.9985	0	
-36.4173	41.6906	0	
-36.4238	41.3825	0	
-36.4294	41.0743	0	
-36.4341	40.7659	0	
-36.4378	40.4575	0	
-36.4407	40.1489	0	
-36.4427	39.8403	0	
-36.4438	39.5317	0	
-36.4441	39.223	0	
-36.4435	38.9143	0	
-36.442	38.6056	0	
-36.4397	38.297	0	
-36.4365	37.9883	0	
-36.4325	37.6797	0	
-36.4276	37.3712	0	
-36.4219	37.0628	0	
-36.4155	36.7544	0	
-36.4082	36.4462	0	
-36.4001	36.1381	0	
-36.3911	35.8301	0	
-36.3815	35.5223	0	
-36.371	35.2146	0	
-36.3597	34.9072	0	
-36.3477	34.5999	0	
-36.3349	34.2929	0	
-36.3213	33.9861	0	
-36.307	33.6795	0	
-36.2919	33.3732	0	
-36.2761	33.0672	0	
-36.2596	32.7614	0	
-36.2423	32.456	0	
-36.2244	32.1509	0	
-36.2057	31.846	0	
-36.1862	31.5416	0	
-36.1661	31.2375	0	
-36.1453	30.9337	0	
-36.1238	30.6304	0	
-36.1016	30.3274	0	
-36.0788	30.0248	0	
-36.0552	29.7227	0	
-36.031	29.421	0	
-36.0062	29.1197	0	
-35.9807	28.8189	0	
-35.9545	28.5185	0	
-35.9277	28.2187	0	
-35.9002	27.9193	0	
-35.8722	27.6204	0	
-35.8435	27.322	0	
-35.8141	27.0242	0	
-35.7842	26.7269	0	
-35.7537	26.4301	0	
-35.7225	26.1339	0	
-35.6908	25.8382	0	
-35.6584	25.5432	0	
-35.6255	25.2487	0	
-35.592	24.9549	0	
-35.558	24.6616	0	
-35.5233	24.369	0	
-35.4881	24.077	0	
-35.4524	23.7856	0	
-35.4161	23.4949	0	
-35.3792	23.2048	0	
-35.3419	22.9154	0	
-35.3039	22.6267	0	
-35.2655	22.3387	0	
-35.2265	22.0514	0	
-35.187	21.7648	0	
-35.147	21.4789	0	
-35.1065	21.1937	0	
-35.0655	20.9093	0	
-35.024	20.6256	0	
-34.982	20.3426	0	
-34.9395	20.0604	0	
-34.8965	19.779	0	
-34.8531	19.4983	0	
-34.8091	19.2185	0	
-34.7648	18.9394	0	
-34.7199	18.6611	0	
-34.6746	18.3837	0	
-34.6289	18.107	0	
-34.5827	17.8312	0	
-34.536	17.5562	0	
-34.489	17.282	0	
-34.4415	17.0087	0	
-34.3935	16.7362	0	
-34.3452	16.4646	0	
-34.2964	16.1938	0	
-34.2473	15.9239	0	
-34.1977	15.6549	0	
-34.1477	15.3868	0	
-34.0973	15.1195	0	
-34.0466	14.8532	0	
-33.9954	14.5877	0	
-33.9439	14.3232	0	
-33.892	14.0596	0	
-33.8397	13.7969	0	
-33.7871	13.5351	0	
-33.734	13.2742	0	
-33.6807	13.0143	0	
-33.627	12.7554	0	
-33.5729	12.4973	0	
-33.5185	12.2403	0	
-33.4637	11.9841	0	
-33.4086	11.729	0	
-33.3532	11.4748	0	
-33.2975	11.2216	0	
-33.2414	10.9694	0	
-33.185	10.7181	0	
-33.1283	10.4678	0	
-33.0713	10.2186	0	
-33.014	9.97027	0	
-32.9564	9.72298	0	
-32.8985	9.47669	0	
-32.8403	9.23142	0	
-32.7818	8.98715	0	
-32.7231	8.7439	0	
-32.664	8.50166	0	
-32.6047	8.26045	0	
-32.5451	8.02027	0	
-32.4853	7.78111	0	
-32.4252	7.54299	0	
-32.3648	7.3059	0	
-32.3042	7.06986	0	
-32.2433	6.83485	0	
-32.1822	6.60089	0	
-32.1209	6.36798	0	
-32.0593	6.13613	0	
-31.9974	5.90533	0	
-31.9354	5.67558	0	
-31.8731	5.4469	0	
-31.8106	5.21927	0	
-31.7479	4.99272	0	
-31.685	4.76723	0	
-31.6219	4.54281	0	
-31.5585	4.31947	0	
-31.495	4.0972	0	
-31.4313	3.87601	0	
-31.3673	3.6559	0	
-31.3032	3.43687	0	
-31.2389	3.21892	0	
-31.1744	3.00206	0	
-31.1098	2.78629	0	
-31.0449	2.5716	0	
-30.9799	2.35801	0	
-30.9148	2.14551	0	
-30.8494	1.9341	0	
-30.7839	1.72379	0	
-30.7183	1.51458	0	
-30.6525	1.30646	0	
-30.5865	1.09945	0	
-30.5204	0.893534	0	
-30.4542	0.688723	0	
-30.3878	0.485015	0	
-30.3213	0.282412	0	
-30.2547	0.0809148	0	
-30.1879	-0.119476	0	
-30.121	-0.318759	0	
-30.054	-0.516933	0	
-29.9869	-0.713998	0	
-29.9196	-0.909953	0	
-29.8523	-1.1048	0	
-29.7848	-1.29853	0	
-29.7173	-1.49115	0	
-29.6496	-1.68266	0	
-29.5819	-1.87305	0	
-29.514	-2.06234	0	
-29.4461	-2.2505	0	
-29.378	-2.43756	0	
-29.3099	-2.6235	0	
-29.2417	-2.80832	0	
-29.1735	-2.99203	0	
-29.1051	-3.17462	0	
-29.0367	-3.3561	0	
-28.9682	-3.53647	0	
-28.8997	-3.71572	0	
-28.8311	-3.89385	0	
-28.7624	-4.07087	0	
-28.6937	-4.24677	0	
-28.6249	-4.42156	0	
-28.5561	-4.59523	0	
-28.4873	-4.76779	0	
-28.4184	-4.93924	0	
-28.3494	-5.10957	0	
-28.2804	-5.27879	0	
-28.2114	-5.44689	0	
-28.1424	-5.61388	0	
-28.0733	-5.77976	0	
-28.0042	-5.94453	0	
-27.9351	-6.10819	0	
-27.8659	-6.27074	0	
-27.7968	-6.43217	0	
-27.7276	-6.5925	0	
-27.6584	-6.75172	0	
-27.5892	-6.90983	0	
-27.52	-7.06684	0	
-27.4509	-7.22274	0	
-27.3817	-7.37753	0	
-27.3125	-7.53122	0	
-27.2433	-7.6838	0	
-27.1741	-7.83528	0	
-27.1049	-7.98566	0	
-27.0358	-8.13494	0	
-26.9667	-8.28312	0	
-26.8976	-8.4302	0	
-26.8285	-8.57618	0	
-26.7594	-8.72107	0	
-26.6904	-8.86486	0	
-26.6214	-9.00755	0	
-26.5524	-9.14915	0	
-26.4834	-9.28966	0	
-26.4145	-9.42908	0	
-26.3457	-9.56741	0	
-26.2769	-9.70465	0	
-26.2081	-9.8408	0	
-26.1394	-9.97587	0	
-26.0707	-10.1098	0	
-26.0021	-10.2427	0	
-25.9335	-10.3746	0	
-25.865	-10.5053	0	
-25.7966	-10.635	0	
-25.7282	-10.7635	0	
-25.6599	-10.891	0	
-25.5916	-11.0175	0	
-25.5234	-11.1428	0	
-25.4553	-11.2671	0	
-25.3873	-11.3903	0	
-25.3193	-11.5124	0	
-25.2515	-11.6335	0	
-25.1837	-11.7535	0	
-25.1159	-11.8724	0	
-25.0483	-11.9903	0	
-24.9808	-12.1071	0	
-24.9133	-12.2229	0	
-24.846	-12.3376	0	
-24.7787	-12.4512	0	
-24.7115	-12.5638	0	
-24.6445	-12.6753	0	
-24.5775	-12.7858	0	
-24.5106	-12.8952	0	
-24.4439	-13.0036	0	
-24.3772	-13.1109	0	
-24.3107	-13.2172	0	
-24.2443	-13.3225	0	
-24.1779	-13.4267	0	
-24.1117	-13.5298	0	
-24.0457	-13.632	0	
-23.9797	-13.733	0	
-23.9139	-13.8331	0	
-23.8481	-13.9321	0	
-23.7825	-14.0301	0	
-23.7171	-14.127	0	
-23.6517	-14.2229	0	
-23.5865	-14.3178	0	
-23.5215	-14.4117	0	
-23.4565	-14.5046	0	
-23.3917	-14.5964	0	
-23.3271	-14.6872	0	
-23.2626	-14.777	0	
-23.1982	-14.8657	0	
-23.134	-14.9535	0	
-23.0699	-15.0402	0	
-23.0059	-15.126	0	
-22.9421	-15.2107	0	
-22.8785	-15.2944	0	
-22.815	-15.3771	0	
-22.7517	-15.4588	0	
-22.6885	-15.5395	0	
-22.6255	-15.6192	0	
-22.5627	-15.6979	0	
-22.5	-15.7756	0	
-22.4375	-15.8523	0	
-22.3751	-15.9281	0	
-22.3129	-16.0028	0	
-22.2509	-16.0765	0	
-22.189	-16.1493	0	
-22.1273	-16.221	0	
-22.0658	-16.2918	0	
-22.0045	-16.3616	0	
-21.9433	-16.4304	0	
-21.8824	-16.4982	0	
-21.8216	-16.5651	0	
-21.7609	-16.6309	0	
-21.7005	-16.6958	0	
-21.6403	-16.7598	0	
-21.5802	-16.8227	0	
-21.5203	-16.8847	0	
-21.4606	-16.9457	0	
-21.4011	-17.0057	0	
-21.3418	-17.0648	0	
-21.2827	-17.1229	0	
-21.2238	-17.1801	0	
-21.165	-17.2363	0	
-21.1065	-17.2915	0	
-21.0482	-17.3458	0	
-20.9901	-17.3992	0	
-20.9321	-17.4515	0	
-20.8744	-17.503	0	
-20.8169	-17.5534	0	
-20.7596	-17.6029	0	
-20.7024	-17.6515	0	
-20.6455	-17.6991	0	
-20.5888	-17.7458	0	
-20.5324	-17.7916	0	
-20.4761	-17.8364	0	
-20.42	-17.8802	0	
-20.3642	-17.9232	0	
-20.3085	-17.9652	0	
-20.2531	-18.0062	0	
-20.1979	-18.0463	0	
-20.1429	-18.0855	0	
-20.0882	-18.1238	0	
-20.0336	-18.1611	0	
-19.9793	-18.1975	0	
-19.9252	-18.233	0	
-19.8714	-18.2675	0	
-19.8177	-18.3011	0	
-19.7643	-18.3338	0	
-19.7111	-18.3656	0	
-19.6581	-18.3965	0	
-19.6054	-18.4264	0	
-19.5529	-18.4554	0	
-19.5006	-18.4836	0	
-19.4486	-18.5107	0	
-19.3968	-18.537	0	
-19.3452	-18.5624	0	
-19.2939	-18.5869	0	
-19.2428	-18.6104	0	
-19.1919	-18.633	0	
-19.1413	-18.6548	0	
-19.0909	-18.6756	0	
-19.0408	-18.6955	0	
-18.9909	-18.7146	0	
-18.9412	-18.7327	0	
-18.8918	-18.7499	0	
-18.8427	-18.7662	0	
-18.7937	-18.7816	0	
-18.7451	-18.7961	0	
-18.6966	-18.8098	0	
-18.6484	-18.8225	0	
-18.6005	-18.8343	0	
-18.5528	-18.8453	0	
-18.5054	-18.8553	0	
-18.4582	-18.8645	0	
-18.4112	-18.8727	0	
-18.3645	-18.8801	0	
-18.3181	-18.8866	0	
-18.2719	-18.8922	0	
-18.226	-18.8969	0	
-18.1803	-18.9007	0	
-18.1349	-18.9037	0	
-18.0898	-18.9057	0	
-18.0448	-18.9069	0	
-18.0002	-18.9072	0	
-17.9558	-18.9066	0	
-17.9117	-18.9051	0	
-17.8678	-18.9027	0	
-17.8242	-18.8995	0	
-17.7809	-18.8954	0	
-17.7378	-18.8904	0	
-17.6949	-18.8845	0	
-17.6524	-18.8778	0	
-17.6101	-18.8702	0	
-17.568	-18.8617	0	
-17.5263	-18.8523	0	
-17.4847	-18.842	0	
-17.4435	-18.8309	0	
-17.4025	-18.8189	0	
-17.3618	-18.8061	0	
-17.3214	-18.7923	0	
-17.2812	-18.7777	0	
-17.2413	-18.7622	0	
-17.2016	-18.7459	0	
-17.1623	-18.7286	0	
-17.1231	-18.7106	0	
-17.0843	-18.6916	0	
-17.0457	-18.6718	0	
-17.0074	-18.6511	0	
-16.9694	-18.6295	0	
-16.9316	-18.6071	0	
-16.8942	-18.5838	0	
-16.8569	-18.5596	0	
-16.82	-18.5346	0	
-16.7833	-18.5087	0	
-16.7469	-18.4819	0	
-16.7108	-18.4543	0	
-16.6749	-18.4258	0	
-16.6394	-18.3964	0	
-16.604	-18.3662	0	
-16.569	-18.3351	0	
-16.5343	-18.3031	0	
-16.4998	-18.2703	0	
-16.4656	-18.2366	0	
-16.4316	-18.202	0	
-16.398	-18.1666	0	
-16.3646	-18.1303	0	
-16.3314	-18.0932	0	
-16.2986	-18.0552	0	
-16.2659	-18.0167	0	
-16.2332	-17.9783	0	
-16.2006	-17.94	0	
-16.168	-17.9016	0	
-16.1354	-17.8634	0	
-16.1028	-17.8252	0	
-16.0703	-17.787	0	
-16.0378	-17.7489	0	
-16.0054	-17.7108	0	
-15.973	-17.6728	0	
-15.9406	-17.6348	0	
-15.9083	-17.5969	0	
-15.8759	-17.559	0	
-15.8437	-17.5211	0	
-15.8114	-17.4834	0	
-15.7792	-17.4456	0	
-15.747	-17.4079	0	
-15.7149	-17.3703	0	
-15.6828	-17.3327	0	
-15.6507	-17.2951	0	
-15.6186	-17.2577	0	
-15.5866	-17.2202	0	
-15.5547	-17.1828	0	
-15.5227	-17.1454	0	
-15.4908	-17.1081	0	
-15.4589	-17.0709	0	
-15.4271	-17.0337	0	
-15.3953	-16.9965	0	
-15.3635	-16.9594	0	
-15.3318	-16.9223	0	
-15.3001	-16.8853	0	
-15.2684	-16.8483	0	
-15.2367	-16.8114	0	
-15.2051	-16.7745	0	
-15.1736	-16.7377	0	
-15.142	-16.7009	0	
-15.1105	-16.6641	0	
-15.079	-16.6275	0	
-15.0476	-16.5908	0	
-15.0162	-16.5542	0	
-14.9848	-16.5177	0	
-14.9535	-16.4812	0	
-14.9222	-16.4447	0	
-14.8909	-16.4083	0	
-14.8597	-16.3719	0	
-14.8285	-16.3356	0	
-14.7973	-16.2994	0	
-14.7661	-16.2631	0	
-14.735	-16.227	0	
-14.704	-16.1908	0	
-14.6729	-16.1548	0	
-14.6419	-16.1187	0	
-14.611	-16.0827	0	
-14.58	-16.0468	0	
-14.5491	-16.0109	0	
-14.5182	-15.9751	0	
-14.4874	-15.9393	0	
-14.4566	-15.9035	0	
-14.4258	-15.8678	0	
-14.3951	-15.8321	0	
-14.3644	-15.7965	0	
-14.3337	-15.761	0	
-14.3031	-15.7254	0	
-14.2725	-15.69	0	
-14.2419	-15.6545	0	
-14.2114	-15.6192	0	
-14.1809	-15.5838	0	
-14.1504	-15.5485	0	
-14.12	-15.5133	0	
-14.0896	-15.4781	0	
-14.0592	-15.443	0	
-14.0289	-15.4079	0	
-13.9986	-15.3728	0	
-13.9683	-15.3378	0	
-13.938	-15.3028	0	
-13.9078	-15.2679	0	
-13.8777	-15.233	0	
-13.8475	-15.1982	0	
-13.8174	-15.1634	0	
-13.7874	-15.1287	0	
-13.7573	-15.094	0	
-13.7273	-15.0594	0	
-13.6974	-15.0248	0	
-13.6674	-14.9902	0	
-13.6375	-14.9557	0	
-13.6077	-14.9213	0	
-13.5778	-14.8868	0	
-13.548	-14.8525	0	
-13.5182	-14.8182	0	
-13.4885	-14.7839	0	
-13.4588	-14.7496	0	
-13.4291	-14.7155	0	
-13.3995	-14.6813	0	
-13.3699	-14.6472	0	
-13.3403	-14.6132	0	
-13.3108	-14.5792	0	
-13.2813	-14.5452	0	
-13.2518	-14.5113	0	
-13.2224	-14.4775	0	
-13.193	-14.4436	0	
-13.1636	-14.4099	0	
-13.1343	-14.3761	0	
-13.105	-14.3424	0	
-13.0757	-14.3088	0	
-13.0465	-14.2752	0	
-13.0173	-14.2417	0	
-12.9881	-14.2082	0	
-12.9589	-14.1747	0	
-12.9298	-14.1413	0	
-12.9008	-14.1079	0	
-12.8717	-14.0746	0	
-12.8427	-14.0413	0	
-12.8138	-14.0081	0	
-12.7848	-13.9749	0	
-12.7559	-13.9418	0	
-12.727	-13.9087	0	
-12.6982	-13.8756	0	
-12.6694	-13.8426	0	
-12.6406	-13.8097	0	
-12.6119	-13.7767	0	
-12.5832	-13.7439	0	
-12.5545	-13.711	0	
-12.5259	-13.6783	0	
-12.4973	-13.6455	0	
-12.4687	-13.6128	0	
-12.4402	-13.5802	0	
-12.4116	-13.5476	0	
-12.3832	-13.515	0	
-12.3547	-13.4825	0	
-12.3263	-13.45	0	
-12.298	-13.4176	0	
-12.2696	-13.3852	0	
-12.2413	-13.3529	0	
-12.213	-13.3206	0	
-12.1848	-13.2884	0	
-12.1566	-13.2562	0	
-12.1284	-13.224	0	
-12.1003	-13.1919	0	
-12.0722	-13.1598	0	
-12.0441	-13.1278	0	
-12.016	-13.0958	0	
-11.988	-13.0639	0	
-11.9601	-13.032	0	
-11.9321	-13.0001	0	
-11.9042	-12.9683	0	
-11.8763	-12.9366	0	
-11.8485	-12.9049	0	
-11.8207	-12.8732	0	
-11.7929	-12.8416	0	
-11.7652	-12.81	0	
-11.7374	-12.7784	0	
-11.7098	-12.7469	0	
-11.6821	-12.7155	0	
-11.6545	-12.6841	0	
-11.6269	-12.6527	0	
-11.5994	-12.6214	0	
-11.5719	-12.5901	0	
-11.5444	-12.5589	0	
-11.5169	-12.5277	0	
-11.4895	-12.4966	0	
-11.4622	-12.4655	0	
-11.4348	-12.4344	0	
-11.4075	-12.4034	0	
-11.3802	-12.3724	0	
-11.353	-12.3415	0	
-11.3257	-12.3106	0	
-11.2986	-12.2798	0	
-11.2714	-12.249	0	
-11.2443	-12.2183	0	
-11.2172	-12.1876	0	
-11.1902	-12.1569	0	
-11.1632	-12.1263	0	
-11.1362	-12.0957	0	
-11.1092	-12.0652	0	
-11.0823	-12.0347	0	
-11.0554	-12.0042	0	
-11.0286	-11.9738	0	
-11.0017	-11.9435	0	
-10.975	-11.9132	0	
-10.9482	-11.8829	0	
-10.9215	-11.8527	0	
-10.8948	-11.8225	0	
-10.8682	-11.7923	0	
-10.8415	-11.7622	0	
-10.8149	-11.7322	0	
-10.7884	-11.7022	0	
-10.7619	-11.6722	0	
-10.7354	-11.6423	0	
-10.7089	-11.6124	0	
-10.6825	-11.5826	0	
-10.6561	-11.5528	0	
-10.6298	-11.523	0	
-10.6034	-11.4933	0	
-10.5771	-11.4636	0	
-10.5509	-11.434	0	
-10.5247	-11.4044	0	
-10.4985	-11.3749	0	
-10.4723	-11.3454	0	
-10.4462	-11.3159	0	
-10.4201	-11.2865	0	
-10.394	-11.2572	0	
-10.368	-11.2278	0	
-10.342	-11.1986	0	
-10.3161	-11.1693	0	
-10.2901	-11.1401	0	
-10.2642	-11.111	0	
-10.2384	-11.0819	0	
-10.2125	-11.0528	0	
-10.1867	-11.0238	0	
-10.161	-10.9948	0	
-10.1353	-10.9659	0	
-10.1096	-10.937	0	
-10.0839	-10.9081	0	
-10.0583	-10.8793	0	
-10.0327	-10.8505	0	
-10.0071	-10.8218	0	
-9.98157	-10.7931	0	
-9.95607	-10.7645	0	
-9.9306	-10.7359	0	
-9.90517	-10.7073	0	
-9.87977	-10.6788	0	
-9.8544	-10.6503	0	
-9.82907	-10.6219	0	
-9.80376	-10.5935	0	
-9.7785	-10.5652	0	
-9.75326	-10.5369	0	
-9.72806	-10.5086	0	
-9.70289	-10.4804	0	
-9.67775	-10.4522	0	
-9.65264	-10.4241	0	
-9.62757	-10.396	0	
-9.60253	-10.3679	0	
-9.57753	-10.3399	0	
-9.55256	-10.312	0	
-9.52762	-10.284	0	
-9.50271	-10.2562	0	
-9.47784	-10.2283	0	
-9.45299	-10.2005	0	
-9.42819	-10.1728	0	
-9.40341	-10.145	0	
-9.37867	-10.1174	0	
-9.35396	-10.0897	0	
-9.32928	-10.0622	0	
-9.30464	-10.0346	0	
-9.28003	-10.0071	0	
-9.25545	-9.97964	0	
-9.2309	-9.95222	0	
-9.20639	-9.92484	0	
-9.18191	-9.8975	0	
-9.15746	-9.87021	0	
-9.13305	-9.84295	0	
-9.10867	-9.81574	0	
-9.08432	-9.78857	0	
-9.06001	-9.76144	0	
-9.03572	-9.73435	0	
-9.01147	-9.7073	0	
-8.98726	-9.6803	0	
-8.96307	-9.65334	0	
-8.93892	-9.62641	0	
-8.9148	-9.59953	0	
-8.89072	-9.5727	0	
-8.86666	-9.5459	0	
-8.84264	-9.51914	0	
-8.81866	-9.49243	0	
-8.7947	-9.46575	0	
-8.77078	-9.43912	0	
-8.74689	-9.41253	0	
-8.72304	-9.38598	0	
-8.69921	-9.35948	0	
-8.67542	-9.33301	0	
-8.65167	-9.30658	0	
-8.62794	-9.2802	0	
-8.60425	-9.25386	0	
-8.58059	-9.22756	0	
-8.55697	-9.20129	0	
-8.53337	-9.17508	0	
-8.50981	-9.1489	0	
-8.48628	-9.12276	0	
-8.46279	-9.09666	0	
-8.43933	-9.07061	0	
-8.4159	-9.04459	0	
-8.3925	-9.01862	0	
-8.36914	-8.99269	0	
-8.34581	-8.9668	0	
-8.32251	-8.94095	0	
-8.29924	-8.91514	0	
-8.27601	-8.88937	0	
-8.25281	-8.86364	0	
-8.22964	-8.83796	0	
-8.20651	-8.81231	0	
-8.18341	-8.78671	0	
-8.16034	-8.76114	0	
-8.1373	-8.73562	0	
-8.1143	-8.71014	0	
-8.09133	-8.6847	0	
-8.06839	-8.65929	0	
-8.04549	-8.63393	0	
-8.02262	-8.60861	0	
-7.99978	-8.58334	0	
-7.97697	-8.5581	0	
-7.9542	-8.5329	0	
-7.93146	-8.50774	0	
-7.90875	-8.48263	0	
-7.88607	-8.45755	0	
-7.86343	-8.43251	0	
-7.84082	-8.40752	0	
-7.81824	-8.38257	0	
-7.7957	-8.35765	0	
-7.77319	-8.33278	0	
-7.75071	-8.30794	0	
-7.72826	-8.28315	0	
-7.70585	-8.2584	0	
-7.68347	-8.23369	0	
-7.66112	-8.20902	0	
-7.6388	-8.18439	0	
-7.61652	-8.15979	0	
-7.59427	-8.13524	0	
-7.57206	-8.11073	0	
-7.54987	-8.08626	0	
-7.52772	-8.06183	0	
-7.5056	-8.03744	0	
-7.48351	-8.01309	0	
-7.46146	-7.98879	0	
-7.43944	-7.96452	0	
-7.41745	-7.94029	0	
-7.3955	-7.9161	0	
-7.37357	-7.89195	0	
-7.35169	-7.86784	0	
-7.32983	-7.84377	0	
-7.308	-7.81974	0	
-7.28621	-7.79576	0	
-7.26445	-7.77181	0	
-7.24273	-7.7479	0	
-7.22103	-7.72403	0	
-7.19937	-7.7002	0	
-7.17774	-7.67641	0	
-7.15615	-7.65266	0	
-7.13459	-7.62895	0	
-7.11306	-7.60529	0	
-7.09156	-7.58166	0	
-7.07009	-7.55807	0	
-7.04866	-7.53452	0	
-7.02726	-7.51101	0	
-7.0059	-7.48754	0	
-6.98456	-7.46411	0	
-6.96326	-7.44072	0	
-6.94199	-7.41737	0	
-6.92076	-7.39405	0	
-6.89955	-7.37078	0	
-6.87838	-7.34755	0	
-6.85725	-7.32436	0	
-6.83614	-7.30121	0	
-6.81507	-7.27809	0	
-6.79403	-7.25502	0	
-6.77302	-7.23199	0	
-6.75205	-7.20899	0	
-6.73111	-7.18604	0	
-6.7102	-7.16312	0	
-6.68932	-7.14025	0	
-6.66848	-7.11741	0	
-6.64767	-7.09461	0	
-6.62689	-7.07186	0	
-6.60614	-7.04914	0	
-6.58543	-7.02646	0	
-6.56475	-7.00382	0	
-6.5441	-6.98122	0	
-6.52349	-6.95866	0	
-6.50291	-6.93614	0	
-6.48236	-6.91366	0	
-6.46184	-6.89121	0	
-6.44135	-6.86881	0	
-6.4209	-6.84645	0	
-6.40048	-6.82412	0	
-6.3801	-6.80184	0	
-6.35974	-6.77959	0	
-6.33942	-6.75738	0	
-6.31913	-6.73521	0	
-6.29888	-6.71308	0	
-6.27866	-6.69099	0	
-6.25846	-6.66894	0	
-6.23831	-6.64693	0	
-6.21818	-6.62496	0	
-6.19809	-6.60303	0	
-6.17803	-6.58113	0	
-6.158	-6.55928	0	
-6.13801	-6.53746	0	
-6.11805	-6.51568	0	
-6.09812	-6.49394	0	
-6.07822	-6.47224	0	
-6.05836	-6.45058	0	
-6.03852	-6.42896	0	
-6.01873	-6.40738	0	
-5.99896	-6.38583	0	
-5.97923	-6.36433	0	
-5.95953	-6.34286	0	
-5.93986	-6.32143	0	
-5.92022	-6.30005	0	
-5.90062	-6.2787	0	
-5.88105	-6.25738	0	
-5.86151	-6.23611	0	
-5.84201	-6.21488	0	
-5.82253	-6.19368	0	
-5.80309	-6.17253	0	
-5.78369	-6.15141	0	
-5.76431	-6.13033	0	
-5.74497	-6.10929	0	
-5.72566	-6.08829	0	
-5.70638	-6.06733	0	
-5.68714	-6.0464	0	
-5.66793	-6.02552	0	
-5.64875	-6.00467	0	
-5.6296	-5.98386	0	
-5.61049	-5.96309	0	
-5.59141	-5.94236	0	
-5.57236	-5.92167	0	
-5.55334	-5.90101	0	
-5.53436	-5.88039	0	
-5.51541	-5.85982	0	
-5.49649	-5.83928	0	
-5.47761	-5.81878	0	
-5.45875	-5.79831	0	
-5.43993	-5.77789	0	
-5.42114	-5.7575	0	
-5.40239	-5.73716	0	
-5.38367	-5.71685	0	
-5.36498	-5.69658	0	
-5.34632	-5.67634	0	
-5.32769	-5.65615	0	
-5.3091	-5.63599	0	
-5.29054	-5.61588	0	
-5.27202	-5.5958	0	
-5.25352	-5.57576	0	
-5.23506	-5.55575	0	
-5.21663	-5.53579	0	
-5.19823	-5.51586	0	
-5.17987	-5.49597	0	
-5.16154	-5.47612	0	
-5.14324	-5.45631	0	
-5.12497	-5.43654	0	
-5.10674	-5.4168	0	
-5.08854	-5.3971	0	
-5.07037	-5.37744	0	
-5.05224	-5.35782	0	
-5.03413	-5.33824	0	
-5.01606	-5.31869	0	
-4.99802	-5.29918	0	
-4.98002	-5.27971	0	
-4.96204	-5.26028	0	
-4.9441	-5.24089	0	
-4.9262	-5.22153	0	
-4.90832	-5.20221	0	
-4.89048	-5.18293	0	
-4.87267	-5.16369	0	
-4.85489	-5.14449	0	
-4.83715	-5.12532	0	
-4.81943	-5.10619	0	
-4.80175	-5.0871	0	
-4.78411	-5.06805	0	
-4.76649	-5.04903	0	
-4.74891	-5.03005	0	
-4.73136	-5.01111	0	
-4.71384	-4.99221	0	
-4.69636	-4.97335	0	
-4.67891	-4.95452	0	
-4.66149	-4.93573	0	
-4.6441	-4.91698	0	
-4.62675	-4.89827	0	
-4.60942	-4.87959	0	
-4.59214	-4.86095	0	
-4.57488	-4.84235	0	
-4.55766	-4.82379	0	
-4.54046	-4.80526	0	
-4.52331	-4.78678	0	
-4.50618	-4.76833	0	
-4.48909	-4.74991	0	
-4.47202	-4.73154	0	
-4.455	-4.7132	0	
-4.438	-4.6949	0	
-4.42104	-4.67664	0	
-4.4041	-4.65841	0	
-4.38721	-4.64022	0	
-4.37034	-4.62207	0	
-4.35351	-4.60396	0	
-4.33671	-4.58588	0	
-4.31994	-4.56785	0	
-4.3032	-4.54985	0	
-4.2865	-4.53188	0	
-4.26983	-4.51396	0	
-4.25319	-4.49607	0	
-4.23659	-4.47822	0	
-4.22001	-4.4604	0	
-4.20347	-4.44263	0	
-4.18696	-4.42489	0	
-4.17049	-4.40718	0	
-4.15405	-4.38952	0	
-4.13764	-4.37189	0	
-4.12126	-4.3543	0	
-4.10491	-4.33675	0	
-4.0886	-4.31923	0	
-4.07232	-4.30175	0	
-4.05607	-4.28431	0	
-4.03986	-4.26691	0	
-4.02368	-4.24954	0	
-4.00753	-4.23221	0	
-3.99141	-4.21492	0	
-3.97532	-4.19766	0	
-3.95927	-4.18044	0	
-3.94325	-4.16326	0	
-3.92726	-4.14612	0	
-3.91131	-4.12901	0	
-3.89539	-4.11194	0	
-3.8795	-4.0949	0	
-3.86364	-4.07791	0	
-3.84781	-4.06095	0	
-3.83202	-4.04403	0	
-3.81626	-4.02714	0	
-3.80054	-4.01029	0	
-3.78484	-3.99348	0	
-3.76918	-3.9767	0	
-3.75355	-3.95997	0	
-3.73795	-3.94327	0	
-3.72239	-3.9266	0	
-3.70686	-3.90997	0	
-3.69136	-3.89338	0	
-3.67589	-3.87683	0	
-3.66046	-3.86031	0	
-3.64505	-3.84383	0	
-3.62969	-3.82739	0	
-3.61435	-3.81098	0	
-3.59904	-3.79461	0	
-3.58377	-3.77828	0	
-3.56853	-3.76198	0	
-3.55333	-3.74573	0	
-3.53815	-3.7295	0	
-3.52301	-3.71332	0	
-3.5079	-3.69717	0	
-3.49282	-3.68105	0	
-3.47778	-3.66498	0	
-3.46277	-3.64894	0	
-3.44779	-3.63294	0	
-3.43284	-3.61697	0	
-3.41793	-3.60104	0	
-3.40305	-3.58515	0	
-3.3882	-3.56929	0	
-3.37338	-3.55347	0	
-3.3586	-3.53769	0	
-3.34385	-3.52194	0	
-3.32913	-3.50623	0	
-3.31444	-3.49056	0	
-3.29979	-3.47492	0	
-3.28517	-3.45932	0	
-3.27058	-3.44376	0	
-3.25602	-3.42823	0	
-3.2415	-3.41274	0	
-3.227	-3.39729	0	
-3.21255	-3.38187	0	
-3.19812	-3.36649	0	
-3.18372	-3.35114	0	
-3.16936	-3.33583	0	
-3.15503	-3.32056	0	
-3.14074	-3.30533	0	
-3.12647	-3.29013	0	
-3.11224	-3.27496	0	
-3.09804	-3.25984	0	
-3.08388	-3.24475	0	
-3.06974	-3.22969	0	
-3.05564	-3.21467	0	
-3.04157	-3.19969	0	
-3.02754	-3.18475	0	
-3.01353	-3.16984	0	
-2.99956	-3.15496	0	
-2.98562	-3.14013	0	
-2.97172	-3.12533	0	
-2.95784	-3.11056	0	
-2.944	-3.09584	0	
-2.93019	-3.08114	0	
-2.91641	-3.06649	0	
-2.90267	-3.05187	0	
-2.88896	-3.03729	0	
-2.87528	-3.02274	0	
-2.86163	-3.00823	0	
-2.84802	-2.99375	0	
-2.83444	-2.97931	0	
-2.82089	-2.96491	0	
-2.80737	-2.95054	0	
-2.79389	-2.93621	0	
-2.78044	-2.92192	0	
-2.76702	-2.90766	0	
-2.75363	-2.89344	0	
-2.74028	-2.87925	0	
-2.72696	-2.8651	0	
-2.71367	-2.85099	0	
-2.70041	-2.83691	0	
-2.68719	-2.82287	0	
-2.67399	-2.80886	0	
-2.66083	-2.79489	0	
-2.64771	-2.78096	0	
-2.63461	-2.76706	0	
-2.62155	-2.7532	0	
-2.60852	-2.73937	0	
-2.59553	-2.72558	0	
-2.58256	-2.71183	0	
-2.56963	-2.69811	0	
-2.55673	-2.68442	0	
-2.54386	-2.67078	0	
-2.53103	-2.65717	0	
-2.51823	-2.64359	0	
-2.50546	-2.63005	0	
-2.49272	-2.61655	0	
-2.48002	-2.60308	0	
-2.46735	-2.58965	0	
-2.45471	-2.57625	0	
-2.4421	-2.56289	0	
-2.42953	-2.54957	0	
-2.41698	-2.53628	0	
-2.40447	-2.52302	0	
-2.392	-2.50981	0	
-2.37955	-2.49663	0	
-2.36714	-2.48348	0	
-2.35476	-2.47037	0	
-2.34241	-2.45729	0	
-2.3301	-2.44426	0	
-2.31782	-2.43125	0	
-2.30557	-2.41828	0	
-2.29335	-2.40535	0	
-2.28117	-2.39246	0	
-2.26901	-2.3796	0	
-2.25689	-2.36677	0	
-2.24481	-2.35398	0	
-2.23275	-2.34123	0	
-2.22073	-2.32851	0	
-2.20874	-2.31583	0	
-2.19678	-2.30318	0	
-2.18486	-2.29057	0	
-2.17296	-2.27799	0	
-2.1611	-2.26545	0	
-2.14928	-2.25295	0	
-2.13748	-2.24048	0	
-2.12572	-2.22804	0	
-2.11399	-2.21564	0	
-2.10229	-2.20328	0	
-2.09063	-2.19095	0	
-2.07899	-2.17866	0	
-2.06739	-2.16641	0	
-2.05583	-2.15418	0	
-2.04429	-2.142	0	
-2.03279	-2.12985	0	
-2.02132	-2.11773	0	
-2.00988	-2.10565	0	
-1.99847	-2.09361	0	
-1.9871	-2.0816	0	
-1.97576	-2.06963	0	
-1.96445	-2.05769	0	
-1.95318	-2.04579	0	
-1.94194	-2.03392	0	
-1.93072	-2.02209	0	
-1.91955	-2.01029	0	
-1.9084	-1.99853	0	
-1.89729	-1.98681	0	
-1.88621	-1.97512	0	
-1.87516	-1.96346	0	
-1.86414	-1.95184	0	
-1.85316	-1.94026	0	
-1.84221	-1.92871	0	
-1.83129	-1.91719	0	
-1.82041	-1.90571	0	
-1.80955	-1.89427	0	
-1.79873	-1.88286	0	
-1.78794	-1.87149	0	
-1.77719	-1.86015	0	
-1.76646	-1.84885	0	
-1.75577	-1.83758	0	
-1.74511	-1.82635	0	
-1.73449	-1.81515	0	
-1.72389	-1.80399	0	
-1.71333	-1.79286	0	
-1.7028	-1.78177	0	
-1.69231	-1.77071	0	
-1.68184	-1.75969	0	
-1.67141	-1.74871	0	
-1.66101	-1.73775	0	
-1.65065	-1.72684	0	
-1.64031	-1.71596	0	
-1.63001	-1.70511	0	
-1.61974	-1.6943	0	
-1.60951	-1.68352	0	
-1.5993	-1.67278	0	
-1.58913	-1.66208	0	
-1.57899	-1.65141	0	
-1.56888	-1.64077	0	
-1.55881	-1.63017	0	
-1.54877	-1.61961	0	
-1.53876	-1.60908	0	
-1.52878	-1.59858	0	
-1.51884	-1.58812	0	
-1.50893	-1.57769	0	
-1.49905	-1.5673	0	
-1.4892	-1.55695	0	
-1.47938	-1.54663	0	
-1.4696	-1.53634	0	
-1.45985	-1.52609	0	
-1.45014	-1.51587	0	
-1.44045	-1.50569	0	
-1.4308	-1.49555	0	
-1.42118	-1.48544	0	
-1.41159	-1.47536	0	
-1.40204	-1.46532	0	
-1.39251	-1.45531	0	
-1.38302	-1.44534	0	
-1.37357	-1.4354	0	
-1.36414	-1.4255	0	
-1.35475	-1.41563	0	
-1.34539	-1.4058	0	
-1.33606	-1.396	0	
-1.32677	-1.38624	0	
-1.3175	-1.37651	0	
-1.30827	-1.36682	0	
-1.29907	-1.35716	0	
-1.28991	-1.34754	0	
-1.28078	-1.33795	0	
-1.27168	-1.3284	0	
-1.26261	-1.31888	0	
-1.25357	-1.3094	0	
-1.24457	-1.29995	0	
-1.2356	-1.29053	0	
-1.22666	-1.28115	0	
-1.21775	-1.27181	0	
-1.20888	-1.2625	0	
-1.20004	-1.25322	0	
-1.19123	-1.24398	0	
-1.18245	-1.23477	0	
-1.17371	-1.2256	0	
-1.165	-1.21646	0	
-1.15632	-1.20736	0	
-1.14768	-1.19829	0	
-1.13906	-1.18926	0	
-1.13048	-1.18026	0	
-1.12193	-1.1713	0	
-1.11342	-1.16237	0	
-1.10493	-1.15348	0	
-1.09648	-1.14462	0	
-1.08806	-1.13579	0	
-1.07967	-1.127	0	
-1.07132	-1.11824	0	
-1.063	-1.10952	0	
-1.05471	-1.10084	0	
-1.04645	-1.09218	0	
-1.03823	-1.08357	0	
-1.03004	-1.07498	0	
-1.02188	-1.06644	0	
-1.01375	-1.05792	0	
-1.00566	-1.04944	0	
-0.997594	-1.041	0	
-0.989564	-1.03259	0	
-0.981567	-1.02421	0	
-0.973602	-1.01587	0	
-0.96567	-1.00757	0	
-0.95777	-0.999293	0	
-0.949903	-0.991056	0	
-0.942068	-0.982853	0	
-0.934266	-0.974684	0	
-0.926496	-0.96655	0	
-0.918758	-0.958451	0	
-0.911053	-0.950386	0	
-0.90338	-0.942355	0	
-0.89574	-0.934359	0	
-0.888132	-0.926397	0	
-0.880557	-0.91847	0	
-0.873014	-0.910577	0	
-0.865504	-0.902719	0	
-0.858026	-0.894895	0	
-0.85058	-0.887105	0	
-0.843167	-0.87935	0	
-0.835787	-0.87163	0	
-0.828439	-0.863943	0	
-0.821123	-0.856292	0	
-0.81384	-0.848674	0	
-0.806589	-0.841091	0	
-0.79937	-0.833542	0	
-0.792185	-0.826028	0	
-0.785031	-0.818548	0	
-0.77791	-0.811102	0	
-0.770821	-0.803691	0	
-0.763765	-0.796314	0	
-0.756742	-0.788972	0	
-0.74975	-0.781663	0	
-0.742792	-0.77439	0	
-0.735865	-0.76715	0	
-0.728971	-0.759945	0	
-0.72211	-0.752774	0	
-0.715281	-0.745637	0	
-0.708484	-0.738535	0	
-0.70172	-0.731467	0	
-0.694989	-0.724433	0	
-0.688289	-0.717434	0	
-0.681623	-0.710468	0	
-0.674988	-0.703538	0	
-0.668387	-0.696641	0	
-0.661817	-0.689779	0	
-0.65528	-0.682951	0	
-0.648776	-0.676157	0	
-0.642303	-0.669397	0	
-0.635864	-0.662672	0	
-0.629457	-0.655981	0	
-0.623082	-0.649324	0	
-0.61674	-0.642701	0	
-0.61043	-0.636113	0	
-0.604152	-0.629558	0	
-0.597907	-0.623038	0	
-0.591695	-0.616553	0	
-0.585515	-0.610101	0	
-0.579367	-0.603683	0	
-0.573252	-0.5973	0	
-0.567169	-0.590951	0	
-0.561119	-0.584636	0	
-0.555101	-0.578356	0	
-0.549116	-0.572109	0	
-0.543163	-0.565897	0	
-0.537242	-0.559719	0	
-0.531354	-0.553574	0	
-0.525498	-0.547465	0	
-0.519675	-0.541389	0	
-0.513885	-0.535347	0	
-0.508126	-0.52934	0	
-0.5024	-0.523366	0	
-0.496707	-0.517427	0	
-0.491046	-0.511522	0	
-0.485417	-0.505651	0	
-0.479821	-0.499814	0	
-0.474258	-0.494011	0	
-0.468727	-0.488243	0	
-0.463228	-0.482508	0	
-0.457762	-0.476807	0	
-0.452328	-0.471141	0	
-0.446926	-0.465509	0	
-0.441557	-0.45991	0	
-0.436221	-0.454346	0	
-0.430917	-0.448816	0	
-0.425645	-0.44332	0	
-0.420406	-0.437858	0	
-0.415199	-0.43243	0	
-0.410025	-0.427036	0	
-0.404883	-0.421676	0	
-0.399774	-0.416351	0	
-0.394697	-0.411059	0	
-0.389652	-0.405801	0	
-0.38464	-0.400577	0	
-0.37966	-0.395388	0	
-0.374713	-0.390232	0	
-0.369798	-0.38511	0	
-0.364916	-0.380023	0	
-0.360066	-0.374969	0	
-0.355249	-0.369949	0	
-0.350464	-0.364964	0	
-0.345711	-0.360012	0	
-0.340991	-0.355095	0	
-0.336303	-0.350211	0	
-0.331648	-0.345361	0	
-0.327025	-0.340546	0	
-0.322435	-0.335764	0	
-0.317877	-0.331016	0	
-0.313352	-0.326302	0	
-0.308859	-0.321623	0	
-0.304398	-0.316977	0	
-0.29997	-0.312365	0	
-0.295574	-0.307787	0	
-0.291211	-0.303243	0	
-0.28688	-0.298733	0	
-0.282582	-0.294257	0	
-0.278316	-0.289815	0	
-0.274082	-0.285407	0	
-0.269881	-0.281032	0	
-0.265713	-0.276692	0	
-0.261577	-0.272386	0	
-0.257473	-0.268113	0	
-0.253402	-0.263874	0	
-0.249363	-0.25967	0	
-0.245357	-0.255499	0	
-0.241383	-0.251362	0	
-0.237441	-0.247259	0	
-0.233532	-0.24319	0	
-0.229655	-0.239155	0	
-0.225811	-0.235154	0	
-0.222	-0.231186	0	
-0.21822	-0.227253	0	
-0.214473	-0.223353	0	
-0.210759	-0.219488	0	
-0.207077	-0.215656	0	
-0.203427	-0.211858	0	
-0.19981	-0.208094	0	
-0.196226	-0.204364	0	
-0.192674	-0.200667	0	
-0.189154	-0.197005	0	
-0.185666	-0.193376	0	
-0.182212	-0.189781	0	
-0.178789	-0.186221	0	
-0.175399	-0.182693	0	
-0.172042	-0.1792	0	
-0.168717	-0.175741	0	
-0.165424	-0.172315	0	
-0.162164	-0.168924	0	
-0.158936	-0.165566	0	
-0.15574	-0.162242	0	
-0.152578	-0.158952	0	
-0.149447	-0.155695	0	
-0.146349	-0.152473	0	
-0.143283	-0.149284	0	
-0.14025	-0.146129	0	
-0.13725	-0.143008	0	
-0.134281	-0.139921	0	
-0.131346	-0.136868	0	
-0.128442	-0.133848	0	
-0.125571	-0.130862	0	
-0.122733	-0.12791	0	
-0.119927	-0.124992	0	
-0.117153	-0.122108	0	
-0.114412	-0.119257	0	
-0.111703	-0.11644	0	
-0.109027	-0.113657	0	
-0.106383	-0.110908	0	
-0.103772	-0.108193	0	
-0.101193	-0.105511	0	
-0.098646	-0.102864	0	
-0.0961319	-0.100249	0	
-0.0936503	-0.0976692	0	
-0.091201	-0.0951228	0	
-0.0887843	-0.0926101	0	
-0.0863999	-0.0901312	0	
-0.084048	-0.087686	0	
-0.0817286	-0.0852747	0	
-0.0794416	-0.0828971	0	
-0.077187	-0.0805533	0	
-0.0749649	-0.0782432	0	
-0.0727752	-0.0759669	0	
-0.0706179	-0.0737244	0	
-0.0684931	-0.0715156	0	
-0.0664007	-0.0693406	0	
-0.0643408	-0.0671993	0	
-0.0623133	-0.0650919	0	
-0.0603183	-0.0630181	0	
-0.0583556	-0.0609781	0	
-0.0564255	-0.0589719	0	
-0.0545277	-0.0569994	0	
-0.0526624	-0.0550607	0	
-0.0508296	-0.0531557	0	
-0.0490292	-0.0512844	0	
-0.0472612	-0.0494469	0	
-0.0455257	-0.0476432	0	
-0.0438226	-0.0458731	0	
-0.0421519	-0.0441369	0	
-0.0405137	-0.0424343	0	
-0.038908	-0.0407655	0	
-0.0373346	-0.0391304	0	
-0.0357937	-0.0375291	0	
-0.0342853	-0.0359615	0	
-0.0328093	-0.0344276	0	
-0.0313657	-0.0329275	0	
-0.0299546	-0.031461	0	
-0.0285759	-0.0300283	0	
-0.0272296	-0.0286294	0	
-0.0259158	-0.0272641	0	
-0.0246345	-0.0259326	0	
-0.0233855	-0.0246348	0	
-0.022169	-0.0233708	0	
-0.020985	-0.0221404	0	
-0.0198334	-0.0209438	0	
-0.0187142	-0.0197809	0	
-0.0176275	-0.0186517	0	
-0.0165732	-0.0175562	0	
-0.0155513	-0.0164944	0	
-0.0145619	-0.0154664	0	
-0.0136049	-0.0144721	0	
-0.0126804	-0.0135114	0	
-0.0117883	-0.0125845	0	
-0.0109286	-0.0116913	0	
-0.0101014	-0.0108319	0	
-0.00930666	-0.0100061	0	
-0.00854433	-0.00921402	0	
-0.00781443	-0.00845567	0	
-0.00711698	-0.00773103	0	
-0.00645197	-0.00704009	0	
-0.00581939	-0.00638287	0	
-0.00521926	-0.00575935	0	
-0.00465156	-0.00516953	0	
-0.0041163	-0.00461343	0	
-0.00361349	-0.00409103	0	
-0.00314311	-0.00360233	0	
-0.00270518	-0.00314734	0	
-0.00229968	-0.00272605	0	
-0.00192662	-0.00233847	0	
-0.00158601	-0.00198459	0	
-0.00127783	-0.00166442	0	
-0.00100209	-0.00137795	0	
-0.000758792	-0.00112518	0	
-0.000547934	-0.000906111	0	
-0.000369515	-0.000720748	0	
-0.000223537	-0.000569088	0	
-0.000109998	-0.00045113	0	
-2.88984e-05	-0.000366874	0	
1.97612e-05	-0.000316321	0	
